El-array	Spa.1	Spa.2	Spa.3	Spa.4	Rho	Dev.	M	Sp	Vp	In	Time	Stack	Rs-Check	Vab	Pab	Rab	Name	Channel	Tx-Bat	Rx-Bat	Temp.	Date	
Mixed/nonconventional	0	5	10	15	34.06	0.06	0	174.67	-229.344	634.588	1000	3	0	316	200	0.5	Proao2	1	10.22	12.03	13.3	19/02/2020	09:57:57
Mixed/nonconventional	0	5	15	20	24.12	0.03	0	35.61	-40.598	634.588	1000	3	0	316	200	0.5	Proao2	2	10.22	12.03	13.3	19/02/2020	09:57:57
Mixed/nonconventional	0	5	20	25	26.39	0.05	0	20.56	-17.771	634.588	1000	3	0	316	200	0.5	Proao2	3	10.22	12.03	13.3	19/02/2020	09:57:57
Mixed/nonconventional	0	5	25	30	23.02	0.04	0	-59.89	-7.749	634.588	1000	3	0	316	200	0.5	Proao2	4	10.22	12.03	13.3	19/02/2020	09:57:57
Mixed/nonconventional	0	5	30	35	27.1	0.05	0	-81.26	-5.213	634.588	1000	3	0	316	200	0.5	Proao2	5	10.22	12.03	13.3	19/02/2020	09:57:57
Mixed/nonconventional	0	10	40	50	34.94	0.2	0	16.91	-12.12	653.815	1000	3	0	305	199	0.5	Proao2	1	10.1	12.03	13.3	19/02/2020	09:58:03
Mixed/nonconventional	0	10	50	60	37.14	0.11	0	694.62	-6.442	653.815	1000	3	0	305	199	0.5	Proao2	2	10.1	12.03	13.3	19/02/2020	09:58:03
Mixed/nonconventional	0	10	60	70	52.01	0.15	0	21.77	-5.154	653.815	1000	3	0	305	199	0.5	Proao2	3	10.1	12.03	13.3	19/02/2020	09:58:03
Mixed/nonconventional	0	15	75	90	60.01	0.19	0	4.91	-6.124	577.06	1000	3	0	335	193	0.6	Proao2	1	10.1	12.03	13.3	19/02/2020	09:58:09
Mixed/nonconventional	0	15	90	105	85.56	0.28	0	364.03	-4.989	577.06	1000	3	0	335	193	0.6	Proao2	2	10.1	12.03	13.3	19/02/2020	09:58:09
Mixed/nonconventional	5	15	45	55	32.71	0.08	0	553.49	-12.402	714.75	1000	3	0	279	200	0.4	Proao2	1	9.89	12.05	13.3	19/02/2020	09:58:15
Mixed/nonconventional	10	15	20	25	33.37	0.03	0	19.08	-263.519	744.276	1000	3	0	267	199	0.4	Proao2	1	9.8	12.05	13.3	19/02/2020	09:58:21
Mixed/nonconventional	10	15	25	30	23.83	0.05	0	-61.09	-47.037	744.276	1000	3	0	267	199	0.4	Proao2	2	9.8	12.05	13.3	19/02/2020	09:58:21
Mixed/nonconventional	10	15	30	35	23.41	0.04	0	-81.25	-18.49	744.276	1000	3	0	267	199	0.4	Proao2	3	9.8	12.05	13.3	19/02/2020	09:58:21
Mixed/nonconventional	10	15	35	40	33.22	0.08	0	-619.97	-13.116	744.276	1000	3	0	267	199	0.4	Proao2	4	9.8	12.05	13.3	19/02/2020	09:58:21
Mixed/nonconventional	10	15	40	45	31.61	0.18	0	262.45	-7.132	744.276	1000	3	0	267	199	0.4	Proao2	5	9.8	12.05	13.3	19/02/2020	09:58:21
Mixed/nonconventional	10	20	50	60	33.2	0.07	0	692.04	-15.393	873.956	1000	3	0	232	203	0.3	Proao2	1	9.66	12.05	13.3	19/02/2020	09:58:27
Mixed/nonconventional	10	20	60	70	46.93	0.03	0	22.67	-10.88	873.956	1000	3	0	232	203	0.3	Proao2	2	9.66	12.05	13.3	19/02/2020	09:58:27
Mixed/nonconventional	10	20	70	80	51.4	0.15	0	-233.56	-6.809	873.956	1000	3	0	232	203	0.3	Proao2	3	9.66	12.05	13.3	19/02/2020	09:58:27
Mixed/nonconventional	10	25	85	100	76.1	0	0	-14.84	-11.465	851.979	1000	3	0	236	201	0.3	Proao2	1	9.63	12.03	13.3	19/02/2020	09:58:33
Mixed/nonconventional	10	25	100	115	94.48	0.08	0	111.45	-8.134	851.979	1000	3	0	236	201	0.3	Proao2	2	9.63	12.03	13.3	19/02/2020	09:58:33
Mixed/nonconventional	15	25	55	65	39.55	0.07	0	-81.49	-14.835	707.034	1000	3	0	276	195	0.4	Proao2	1	9.71	12.03	13.3	19/02/2020	09:58:39
Mixed/nonconventional	20	25	30	35	25.91	0.1	0	-82.75	-226.372	823.28	1000	3	0	241	199	0.3	Proao2	1	9.57	12.03	13.3	19/02/2020	09:58:45
Mixed/nonconventional	20	25	35	40	34.29	0.03	0	-618.7	-74.875	823.28	1000	3	0	241	199	0.3	Proao2	2	9.57	12.03	13.3	19/02/2020	09:58:45
Mixed/nonconventional	20	25	40	45	31.97	0.04	0	263.23	-27.926	823.28	1000	3	0	241	199	0.3	Proao2	3	9.57	12.03	13.3	19/02/2020	09:58:45
Mixed/nonconventional	20	25	45	50	32.66	0.03	0	-245.12	-14.263	823.28	1000	3	0	241	199	0.3	Proao2	4	9.57	12.03	13.3	19/02/2020	09:58:45
Mixed/nonconventional	20	25	50	55	31.3	0.15	0	793.39	-7.811	823.28	1000	3	0	241	199	0.3	Proao2	5	9.57	12.03	13.3	19/02/2020	09:58:45
Mixed/nonconventional	20	30	60	70	40	0.13	0	24.2	-16.641	784.207	1000	3	0	252	197	0.3	Proao2	1	9.6	12.03	13.3	19/02/2020	09:58:51
Mixed/nonconventional	20	30	70	80	45.72	0.3	0	-231.9	-9.51	784.207	1000	3	0	252	197	0.3	Proao2	2	9.6	12.03	13.3	19/02/2020	09:58:51
Mixed/nonconventional	20	30	80	90	55.43	0.23	0	-129.85	-6.589	784.207	1000	3	0	252	197	0.3	Proao2	3	9.6	12.03	13.3	19/02/2020	09:58:51
Mixed/nonconventional	20	35	95	110	85.7	0.06	0	-288.61	-11.514	759.698	1000	3	0	259	197	0.3	Proao2	1	9.6	12.03	13.8	19/02/2020	09:58:57
Mixed/nonconventional	25	35	65	75	40.37	0.03	0	-368.61	-16.043	749.123	1000	3	0	261	195	0.3	Proao2	1	9.6	12.05	13.8	19/02/2020	09:59:03
Mixed/nonconventional	30	35	40	45	25.33	0.07	0	262.56	-193.963	721.654	1000	3	0	269	194	0.4	Proao2	1	9.63	12.03	13.3	19/02/2020	09:59:09
Mixed/nonconventional	30	35	45	50	23.81	0.08	0	-245.75	-45.58	721.654	1000	3	0	269	194	0.4	Proao2	2	9.63	12.03	13.3	19/02/2020	09:59:09
Mixed/nonconventional	30	35	50	55	22.18	0	0	789.08	-16.985	721.654	1000	3	0	269	194	0.4	Proao2	3	9.63	12.03	13.3	19/02/2020	09:59:09
Mixed/nonconventional	30	35	55	60	26.27	0.1	0	-99.16	-10.057	721.654	1000	3	0	269	194	0.4	Proao2	4	9.63	12.03	13.3	19/02/2020	09:59:09
Mixed/nonconventional	30	35	60	65	34.54	0	0	23.02	-7.556	721.654	1000	3	0	269	194	0.4	Proao2	5	9.63	12.03	13.3	19/02/2020	09:59:09
Mixed/nonconventional	30	40	70	80	43.48	0.05	0	-230.84	-17.38	753.44	1000	3	0	259	195	0.3	Proao2	1	9.57	12.03	13.3	19/02/2020	09:59:15
Mixed/nonconventional	30	40	80	90	54.04	0.18	0	-130.39	-10.8	753.44	1000	3	0	259	195	0.3	Proao2	2	9.57	12.03	13.3	19/02/2020	09:59:15
Mixed/nonconventional	30	40	90	100	76.29	0.17	0	344.98	-8.713	753.44	1000	3	0	259	195	0.3	Proao2	3	9.57	12.03	13.3	19/02/2020	09:59:15
Mixed/nonconventional	35	40	45	50	25.2	0.06	0	-246.23	-197.23	737.673	1000	3	0	262	193	0.4	Proao2	1	9.6	12.03	13.8	19/02/2020	09:59:21
Mixed/nonconventional	35	40	50	55	21.68	0.05	0	786.99	-42.426	737.673	1000	3	0	262	193	0.4	Proao2	2	9.6	12.03	13.8	19/02/2020	09:59:21
Mixed/nonconventional	35	40	55	60	25.72	0.08	0	-98.04	-20.132	737.673	1000	3	0	262	193	0.4	Proao2	3	9.6	12.03	13.8	19/02/2020	09:59:21
Mixed/nonconventional	35	40	60	65	33.69	0.09	0	23.33	-13.186	737.673	1000	3	0	262	193	0.4	Proao2	4	9.6	12.03	13.8	19/02/2020	09:59:21
Mixed/nonconventional	35	40	65	70	39.66	0.14	0	1.88	-8.869	737.673	1000	3	0	262	193	0.4	Proao2	5	9.6	12.03	13.8	19/02/2020	09:59:21
Mixed/nonconventional	35	45	75	85	42.76	0.08	0	367.58	-15.431	680.178	1000	3	0	282	192	0.4	Proao2	1	9.63	12.03	13.8	19/02/2020	09:59:27
Mixed/nonconventional	40	45	50	55	21.71	0.06	0	784.86	-163.425	709.315	1000	3	0	272	193	0.4	Proao2	1	9.6	12.05	13.8	19/02/2020	09:59:33
Mixed/nonconventional	40	45	55	60	24.13	0.07	0	-96.51	-45.405	709.315	1000	3	0	272	193	0.4	Proao2	2	9.6	12.05	13.8	19/02/2020	09:59:33
Mixed/nonconventional	40	45	60	65	30.74	0.07	0	23.6	-23.135	709.315	1000	3	0	272	193	0.4	Proao2	3	9.6	12.05	13.8	19/02/2020	09:59:33
Mixed/nonconventional	40	45	65	70	35.16	0.12	0	1.92	-13.23	709.315	1000	3	0	272	193	0.4	Proao2	4	9.6	12.05	13.8	19/02/2020	09:59:33
Mixed/nonconventional	40	45	70	75	37.79	0.29	0	-371.48	-8.127	709.315	1000	3	0	272	193	0.4	Proao2	5	9.6	12.05	13.8	19/02/2020	09:59:33
Mixed/nonconventional	40	50	80	90	47.86	0.1	0	-130.42	-17.571	692.043	1000	3	0	277	192	0.4	Proao2	1	9.6	12.03	13.8	19/02/2020	09:59:39
Mixed/nonconventional	40	50	90	100	69.51	0.1	0	345.5	-12.759	692.043	1000	3	0	277	192	0.4	Proao2	2	9.6	12.03	13.8	19/02/2020	09:59:39
Mixed/nonconventional	40	50	100	110	86.61	0.06	0	-299.6	-9.086	692.043	1000	3	0	277	192	0.4	Proao2	3	9.6	12.03	13.8	19/02/2020	09:59:39
Mixed/nonconventional	45	50	55	60	27.91	0.07	0	-95.14	-191.431	646.332	1000	3	0	293	189	0.5	Proao2	1	9.66	12.03	13.8	19/02/2020	09:59:45
Mixed/nonconventional	45	50	60	65	34.77	0	0	23.92	-59.618	646.332	1000	3	0	293	189	0.5	Proao2	2	9.66	12.03	13.8	19/02/2020	09:59:45
Mixed/nonconventional	45	50	65	70	37.9	0.05	0	1.73	-25.989	646.332	1000	3	0	293	189	0.5	Proao2	3	9.66	12.03	13.8	19/02/2020	09:59:45
Mixed/nonconventional	45	50	70	75	39.23	0.11	0	-371.79	-13.451	646.332	1000	3	0	293	189	0.5	Proao2	4	9.66	12.03	13.8	19/02/2020	09:59:45
Mixed/nonconventional	45	50	75	80	38.74	0.03	0	142.92	-7.591	646.332	1000	3	0	293	189	0.5	Proao2	5	9.66	12.03	13.8	19/02/2020	09:59:45
Mixed/nonconventional	45	55	85	95	55.81	0.08	0	-21.21	-18.511	625.158	1000	3	0	301	188	0.5	Proao2	1	9.66	12.03	13.8	19/02/2020	09:59:51
Mixed/nonconventional	50	55	60	65	31.82	0.07	0	23.99	-207.631	614.983	1000	3	0	304	187	0.5	Proao2	1	9.66	12.03	13.8	19/02/2020	09:59:57
Mixed/nonconventional	50	55	65	70	36.31	0.05	0	1.58	-59.24	614.983	1000	3	0	304	187	0.5	Proao2	2	9.66	12.03	13.8	19/02/2020	09:59:57
Mixed/nonconventional	50	55	70	75	36.61	0.07	0	-372.31	-23.89	614.983	1000	3	0	304	187	0.5	Proao2	3	9.66	12.03	13.8	19/02/2020	09:59:57
Mixed/nonconventional	50	55	75	80	34.58	0.07	0	144.03	-11.282	614.983	1000	3	0	304	187	0.5	Proao2	4	9.66	12.03	13.8	19/02/2020	09:59:57
Mixed/nonconventional	50	55	80	85	39.13	0.12	0	225.07	-7.295	614.983	1000	3	0	304	187	0.5	Proao2	5	9.66	12.03	13.8	19/02/2020	09:59:57
Mixed/nonconventional	50	60	90	100	60.07	0.05	0	345.72	-15.269	479.146	1000	3	0	366	175	0.8	Proao2	1	9.89	12.05	13.8	19/02/2020	10:00:03
Mixed/nonconventional	50	60	100	110	78.73	0.06	0	-298.53	-10.007	479.146	1000	3	0	366	175	0.8	Proao2	2	9.89	12.05	13.8	19/02/2020	10:00:03
Mixed/nonconventional	55	60	65	70	30.56	0.13	0	0.58	-153.307	472.745	1000	3	0	370	175	0.8	Proao2	1	9.92	12.03	14.3	19/02/2020	10:00:09
Mixed/nonconventional	55	60	70	75	32.41	0.07	0	-372.83	-40.639	472.745	1000	3	0	370	175	0.8	Proao2	2	9.92	12.03	14.3	19/02/2020	10:00:09
Mixed/nonconventional	55	60	75	80	30.51	0.11	0	144.41	-15.302	472.745	1000	3	0	370	175	0.8	Proao2	3	9.92	12.03	14.3	19/02/2020	10:00:09
Mixed/nonconventional	55	60	80	85	34.51	0.09	0	224.41	-8.655	472.745	1000	3	0	370	175	0.8	Proao2	4	9.92	12.03	14.3	19/02/2020	10:00:09
Mixed/nonconventional	55	60	85	90	42.76	0.79	0	-354.32	-6.128	472.745	1000	3	0	370	175	0.8	Proao2	5	9.92	12.03	14.3	19/02/2020	10:00:09
Mixed/nonconventional	55	65	95	105	66.88	0.31	0	32.33	-21.945	618.466	1000	3	0	303	187	0.5	Proao2	1	9.66	12.05	14.3	19/02/2020	10:00:15
Mixed/nonconventional	60	65	70	75	33	0.12	0	-373.99	-170.926	488.089	1000	3	0	364	177	0.7	Proao2	1	9.86	12.03	13.8	19/02/2020	10:00:21
Mixed/nonconventional	60	65	75	80	29.67	0	0	145.23	-38.412	488.089	1000	3	0	364	177	0.7	Proao2	2	9.86	12.03	13.8	19/02/2020	10:00:21
Mixed/nonconventional	60	65	80	85	33.11	0.09	0	224.37	-17.148	488.089	1000	3	0	364	177	0.7	Proao2	3	9.86	12.03	13.8	19/02/2020	10:00:21
Mixed/nonconventional	60	65	85	90	40.51	0.11	0	-354.31	-10.489	488.089	1000	3	0	364	177	0.7	Proao2	4	9.86	12.03	13.8	19/02/2020	10:00:21
Mixed/nonconventional	60	65	90	95	52.92	0.17	0	334.3	-7.83	488.089	1000	3	0	364	177	0.7	Proao2	5	9.86	12.03	13.8	19/02/2020	10:00:21
Mixed/nonconventional	60	70	100	110	72.01	0.19	0	-297.71	-19.358	506.728	1000	3	0	355	180	0.7	Proao2	1	9.83	12.03	14.3	19/02/2020	10:00:27
Mixed/nonconventional	65	70	75	80	27.46	0.07	0	145	-196.953	675.913	1000	3	0	281	190	0.4	Proao2	1	9.6	12.03	14.3	19/02/2020	10:00:33
Mixed/nonconventional	65	70	80	85	29.67	0.04	0	224.02	-53.198	675.913	1000	3	0	281	190	0.4	Proao2	2	9.6	12.03	14.3	19/02/2020	10:00:33
Mixed/nonconventional	65	70	85	90	36.14	0.09	0	-354.66	-25.918	675.913	1000	3	0	281	190	0.4	Proao2	3	9.6	12.03	14.3	19/02/2020	10:00:33
Mixed/nonconventional	65	70	90	95	47.58	0.07	0	334.2	-17.062	675.913	1000	3	0	281	190	0.4	Proao2	4	9.6	12.03	14.3	19/02/2020	10:00:33
Mixed/nonconventional	65	70	95	100	55.18	0.09	0	12.37	-11.307	675.913	1000	3	0	281	190	0.4	Proao2	5	9.6	12.03	14.3	19/02/2020	10:00:33
Mixed/nonconventional	65	75	105	115	69.09	0.18	0	88.67	-23.515	641.588	1000	3	0	294	189	0.5	Proao2	1	9.6	12.05	13.8	19/02/2020	10:00:39
Mixed/nonconventional	70	75	80	85	27.75	0.07	0	222.84	-197.785	671.753	1000	3	0	282	190	0.4	Proao2	1	9.57	12.05	13.8	19/02/2020	10:00:45
Mixed/nonconventional	70	75	85	90	33.51	0.03	0	-354.54	-59.716	671.753	1000	3	0	282	190	0.4	Proao2	2	9.57	12.05	13.8	19/02/2020	10:00:45
Mixed/nonconventional	70	75	90	95	43.68	0.03	0	333.83	-31.13	671.753	1000	3	0	282	190	0.4	Proao2	3	9.57	12.05	13.8	19/02/2020	10:00:45
Mixed/nonconventional	70	75	95	100	48.57	0.04	0	12.6	-17.31	671.753	1000	3	0	282	190	0.4	Proao2	4	9.57	12.05	13.8	19/02/2020	10:00:45
Mixed/nonconventional	70	75	100	105	57.97	0.96	0	21.19	-11.806	671.753	1000	3	0	282	190	0.4	Proao2	5	9.57	12.05	13.8	19/02/2020	10:00:45
Mixed/nonconventional	75	80	85	90	28.3	0.07	0	-355.52	-167.343	557.362	1000	3	0	326	182	0.6	Proao2	1	9.71	12.03	13.8	19/02/2020	10:00:52
Mixed/nonconventional	75	80	90	95	39.95	0.13	0	333.65	-59.057	557.362	1000	3	0	326	182	0.6	Proao2	2	9.71	12.03	13.8	19/02/2020	10:00:52
Mixed/nonconventional	75	80	95	100	42.59	0.13	0	12.51	-25.184	557.362	1000	3	0	326	182	0.6	Proao2	3	9.71	12.03	13.8	19/02/2020	10:00:52
Mixed/nonconventional	75	80	100	105	48.11	0.18	0	22.24	-14.226	557.362	1000	3	0	326	182	0.6	Proao2	4	9.71	12.03	13.8	19/02/2020	10:00:52
Mixed/nonconventional	75	80	105	110	53.75	0.22	0	-320.11	-9.083	557.362	1000	3	0	326	182	0.6	Proao2	5	9.71	12.03	13.8	19/02/2020	10:00:52
Mixed/nonconventional	80	85	90	95	40.52	0.05	0	335.42	-242.568	564.216	1000	3	0	326	184	0.6	Proao2	1	9.71	12.05	14.3	19/02/2020	10:00:58
Mixed/nonconventional	80	85	95	100	45.13	0.05	0	13.17	-67.543	564.216	1000	3	0	326	184	0.6	Proao2	2	9.71	12.05	14.3	19/02/2020	10:00:58
Mixed/nonconventional	80	85	100	105	48.87	0.23	0	22.49	-29.256	564.216	1000	3	0	326	184	0.6	Proao2	3	9.71	12.05	14.3	19/02/2020	10:00:58
Mixed/nonconventional	80	85	105	110	48.61	1.06	0	-319.85	-14.549	564.216	1000	3	0	326	184	0.6	Proao2	4	9.71	12.05	14.3	19/02/2020	10:00:58
Mixed/nonconventional	80	85	110	115	49.69	0.1	0	407.88	-8.499	564.216	1000	3	0	326	184	0.6	Proao2	5	9.71	12.05	14.3	19/02/2020	10:00:58
Mixed/nonconventional	85	90	95	100	36.88	0.08	0	12.57	-189.6	484.591	1000	3	0	362	175	0.7	Proao2	1	9.83	12.03	14.3	19/02/2020	10:01:04
Mixed/nonconventional	85	90	100	105	44.9	0.13	0	22.78	-57.719	484.591	1000	3	0	362	175	0.7	Proao2	2	9.83	12.03	14.3	19/02/2020	10:01:04
Mixed/nonconventional	85	90	105	110	45.14	0.13	0	-320.28	-23.211	484.591	1000	3	0	362	175	0.7	Proao2	3	9.83	12.03	14.3	19/02/2020	10:01:04
Mixed/nonconventional	85	90	110	115	45.07	0.14	0	408	-11.588	484.591	1000	3	0	362	175	0.7	Proao2	4	9.83	12.03	14.3	19/02/2020	10:01:04
Mixed/nonconventional	90	95	100	105	35.03	0.24	0	20.21	-134.844	362.833	1000	3	0	398	144	1.1	Proao2	1	10.46	12.05	14.8	19/02/2020	10:01:10
Mixed/nonconventional	90	95	105	110	39.74	0.26	0	-318.21	-38.25	362.833	1000	3	0	398	144	1.1	Proao2	2	10.46	12.05	14.8	19/02/2020	10:01:10
Mixed/nonconventional	90	95	110	115	40.72	0.23	0	407.37	-15.675	362.833	1000	3	0	398	144	1.1	Proao2	3	10.46	12.05	14.8	19/02/2020	10:01:10
Mixed/nonconventional	95	100	105	110	30.77	0.05	0	-317.68	-113.941	348.966	1000	3	0	399	139	1.1	Proao2	1	10.58	12.03	14.3	19/02/2020	10:01:16
Mixed/nonconventional	95	100	110	115	35.37	0.03	0	407.13	-32.745	348.966	1000	3	0	399	139	1.1	Proao2	2	10.58	12.03	14.3	19/02/2020	10:01:16
Mixed/nonconventional	100	105	110	115	31.03	0.14	0	406.04	-116.425	353.582	1000	3	0	398	141	1.1	Proao2	1	10.55	12.05	14.8	19/02/2020	10:01:22
Mixed/nonconventional	5	10	15	20	29.84	0.04	0	-223.64	-268.289	847.442	1000	3	0	231	196	0.3	Proao2	1	9.42	12.03	14.3	19/02/2020	10:01:28
Mixed/nonconventional	5	10	20	25	27.48	0.04	0	270.74	-61.781	847.442	1000	3	0	231	196	0.3	Proao2	2	9.42	12.03	14.3	19/02/2020	10:01:28
Mixed/nonconventional	5	10	25	30	21.38	0.05	0	-100.16	-19.225	847.442	1000	3	0	231	196	0.3	Proao2	3	9.42	12.03	14.3	19/02/2020	10:01:28
Mixed/nonconventional	5	10	30	35	23.25	0.08	0	-43.75	-10.455	847.442	1000	3	0	231	196	0.3	Proao2	4	9.42	12.03	14.3	19/02/2020	10:01:28
Mixed/nonconventional	5	10	35	40	32.27	0.05	0	-311.02	-8.289	847.442	1000	3	0	231	196	0.3	Proao2	5	9.42	12.03	14.3	19/02/2020	10:01:28
Mixed/nonconventional	15	20	25	30	27.06	0.08	0	-100.66	-203.68	709.494	1000	3	0	269	191	0.4	Proao2	1	9.51	12.03	14.3	19/02/2020	10:01:34
Mixed/nonconventional	15	20	30	35	22.68	0.09	0	-41.86	-42.691	709.494	1000	3	0	269	191	0.4	Proao2	2	9.51	12.03	14.3	19/02/2020	10:01:34
Mixed/nonconventional	15	20	35	40	33.44	0.1	0	-323.41	-25.172	709.494	1000	3	0	269	191	0.4	Proao2	3	9.51	12.03	14.3	19/02/2020	10:01:34
Mixed/nonconventional	15	20	40	45	31.13	0.13	0	119.84	-11.717	709.494	1000	3	0	269	191	0.4	Proao2	4	9.51	12.03	14.3	19/02/2020	10:01:34
Mixed/nonconventional	15	20	45	50	31.75	0.3	0	-111.4	-6.828	709.494	1000	3	0	269	191	0.4	Proao2	5	9.51	12.03	14.3	19/02/2020	10:01:34
Mixed/nonconventional	25	30	35	40	23.22	0.04	0	-335.93	-187.723	761.827	1000	3	0	251	191	0.3	Proao2	1	9.45	12.03	14.3	19/02/2020	10:01:40
Mixed/nonconventional	25	30	40	45	19.22	0.07	0	129.14	-38.833	761.827	1000	3	0	251	191	0.3	Proao2	2	9.45	12.03	14.3	19/02/2020	10:01:40
Mixed/nonconventional	25	30	45	50	20.41	0	0	-118.14	-16.497	761.827	1000	3	0	251	191	0.3	Proao2	3	9.45	12.03	14.3	19/02/2020	10:01:40
Mixed/nonconventional	25	30	50	55	20.68	0.16	0	215.29	-8.359	761.827	1000	3	0	251	191	0.3	Proao2	4	9.45	12.03	14.3	19/02/2020	10:01:40
Mixed/nonconventional	25	30	55	60	24.87	0.08	0	-68.14	-5.744	761.827	1000	3	0	251	191	0.3	Proao2	5	9.45	12.03	14.3	19/02/2020	10:01:40
Mixed/nonconventional	0	110	50	60	107.44	0.05	0	159.74	69.1	606.146	1000	3	0	307	186	0.5	Proao2	1	9.6	12.03	14.8	19/02/2020	10:01:46
Mixed/nonconventional	0	90	40	50	94.78	0.03	0	15.31	67.233	445.698	1000	3	0	381	170	0.9	Proao2	1	9.92	12.03	14.8	19/02/2020	10:01:52
Mixed/nonconventional	0	70	30	40	71.65	0.03	0	-612.16	112.307	590.951	1000	3	0	312	184	0.5	Proao2	1	9.63	12.05	14.8	19/02/2020	10:01:58
Mixed/nonconventional	0	55	25	30	45.49	0.21	0	239.25	53.192	550.997	1000	3	0	330	182	0.6	Proao2	1	9.66	12.05	14.8	19/02/2020	10:02:04
Mixed/nonconventional	0	45	20	25	46.21	0.07	0	-158.19	84.598	575.199	1000	3	0	318	183	0.6	Proao2	1	9.66	12.03	14.8	19/02/2020	10:02:10
Mixed/nonconventional	0	35	15	20	36.03	0.05	0	230.23	112.9	590.65	1000	3	0	312	184	0.5	Proao2	1	9.63	12.03	14.8	19/02/2020	10:02:16
Mixed/nonconventional	0	25	10	15	29.01	0.04	0	-184.98	188.786	613.38	1000	3	0	299	183	0.5	Proao2	1	9.66	12.03	14.8	19/02/2020	10:02:21
Mixed/nonconventional	0	15	5	10	32.2	0.09	0	301.8	199.526	194.681	1000	3	0	111	22	0.6	Proao2	1	12.31	12.05	14.8	19/02/2020	10:02:27
Mixed/nonconventional	5	50	25	30	37.55	0.47	0	-272.83	83.958	702.393	1000	3	0	271	190	0.4	Proao2	1	9.51	12.05	15.3	19/02/2020	10:02:33
Mixed/nonconventional	5	40	20	25	39.47	0.07	0	285.45	163.855	782.55	1000	3	0	246	193	0.3	Proao2	1	9.42	12.05	15.3	19/02/2020	10:02:39
Mixed/nonconventional	5	30	15	20	29.71	0.04	0	-126.31	203.796	646.465	1000	3	0	214	138	0.3	Proao2	1	10.61	12.05	15.3	19/02/2020	10:02:45
Mixed/nonconventional	5	20	10	15	32.19	0.07	0	134.6	197.396	192.642	1000	3	0	58	11	0.3	Proao2	1	12.46	12.03	15.3	19/02/2020	10:02:51
Mixed/nonconventional	90	115	100	105	53.86	0.1	0	332.13	196.191	343.309	1000	3	0	217	75	0.6	Proao2	1	11.68	12.05	15.3	19/02/2020	10:02:57
Mixed/nonconventional	95	110	100	105	40.05	0.03	0	318.87	198.941	156.038	1000	3	0	116	18	0.7	Proao2	1	12.4	12.05	15.3	19/02/2020	10:03:03
Mixed/nonconventional	10	100	50	60	91.28	0.12	0	-367.66	74.25	511.125	1000	3	0	351	179	0.7	Proao2	1	9.8	12.03	15.3	19/02/2020	10:03:09
Mixed/nonconventional	10	80	40	50	73.37	0.04	0	-35.1	122.587	629.861	1000	3	0	295	186	0.5	Proao2	1	9.6	12.05	15.3	19/02/2020	10:03:14
Mixed/nonconventional	10	65	35	40	61.41	0.05	0	-26.1	96.442	740.078	1000	3	0	259	191	0.3	Proao2	1	9.48	12.03	15.8	19/02/2020	10:03:20
Mixed/nonconventional	10	55	30	35	44.44	0.09	0	-112.23	99.39	702.625	1000	3	0	270	190	0.4	Proao2	1	9.51	12.03	15.3	19/02/2020	10:03:26
Mixed/nonconventional	10	45	25	30	30.96	0.05	0	58.76	122.994	748.92	1000	3	0	256	192	0.3	Proao2	1	9.45	12.05	15.8	19/02/2020	10:03:32
Mixed/nonconventional	10	35	20	25	35.22	0.03	0	41.82	198.442	531.074	1000	3	0	169	90	0.3	Proao2	1	11.41	12.05	15.8	19/02/2020	10:03:38
Mixed/nonconventional	10	25	15	20	28.92	0.03	0	84.03	198.852	216.01	1000	3	0	61	13	0.3	Proao2	1	12.43	12.03	15.8	19/02/2020	10:03:44
Mixed/nonconventional	15	60	35	40	52.03	0.55	0	-357.37	80.002	483.082	1000	3	0	364	176	0.8	Proao2	1	9.83	12.03	15.8	19/02/2020	10:03:50
Mixed/nonconventional	15	50	30	35	35.82	0.17	0	132.8	119.792	630.362	1000	3	0	297	187	0.5	Proao2	1	9.6	12.03	15.8	19/02/2020	10:03:56
Mixed/nonconventional	15	40	25	30	26.25	0	0	-91.5	190.557	684.244	1000	3	0	274	187	0.4	Proao2	1	9.54	12.05	15.8	19/02/2020	10:04:01
Mixed/nonconventional	15	30	20	25	31.54	0.07	0	161.39	197.809	197.049	1000	3	0	83	16	0.4	Proao2	1	12.37	12.05	15.8	19/02/2020	10:04:07
Mixed/nonconventional	90	105	95	100	39.27	0.06	0	531.44	199.237	159.393	1000	3	0	173	28	1.1	Proao2	1	12.28	12.05	15.8	19/02/2020	10:04:13
Mixed/nonconventional	20	110	60	70	100.82	0.03	0	-3.24	127.499	794.573	1000	3	0	244	194	0.3	Proao2	1	9.45	12.05	16.2	19/02/2020	10:04:19
Mixed/nonconventional	20	90	50	60	73.46	0.04	0	-46.96	102.149	524.205	1000	3	0	342	179	0.7	Proao2	1	9.71	12.05	16.2	19/02/2020	10:04:25
Mixed/nonconventional	20	75	45	50	60.43	0	0	-26.88	91.279	711.76	1000	3	0	267	190	0.4	Proao2	1	9.48	12.05	16.2	19/02/2020	10:04:31
Mixed/nonconventional	20	65	40	45	49.52	0.05	0	8.68	112.836	715.894	1000	3	0	264	189	0.4	Proao2	1	9.45	12.03	16.2	19/02/2020	10:04:37
Mixed/nonconventional	20	55	35	40	43.15	0.06	0	-25.51	155.838	680.689	1000	3	0	276	188	0.4	Proao2	1	9.48	12.03	16.2	19/02/2020	10:04:43
Mixed/nonconventional	20	45	30	35	29.57	0.12	0	-34.49	204.235	651.005	1000	3	0	235	153	0.4	Proao2	1	10.34	12.05	16.2	19/02/2020	10:04:49
Mixed/nonconventional	20	35	25	30	25.55	0.06	0	52.97	200.169	246.155	1000	3	0	84	21	0.3	Proao2	1	12.34	12.05	16.2	19/02/2020	10:04:54
Mixed/nonconventional	25	70	45	50	52.21	0.48	0	-342.79	124.069	746.482	1000	3	0	257	192	0.3	Proao2	1	9.45	12.05	16.7	19/02/2020	10:05:00
Mixed/nonconventional	25	60	40	45	42.33	0.14	0	280.78	116.005	516.605	1000	3	0	344	178	0.7	Proao2	1	9.68	12.05	16.7	19/02/2020	10:05:06
Mixed/nonconventional	25	50	35	40	35.6	0.07	0	-224.6	199.088	527.108	1000	3	0	204	107	0.4	Proao2	1	11.18	12.03	16.7	19/02/2020	10:05:12
Mixed/nonconventional	25	40	30	35	27	0.1	0	110.12	201.707	234.726	1000	3	0	76	18	0.3	Proao2	1	12.4	12.05	16.2	19/02/2020	10:05:18
Mixed/nonconventional	30	100	60	70	83	0.22	0	27.68	107.093	486.426	1000	3	0	361	176	0.7	Proao2	1	9.83	12.03	16.7	19/02/2020	10:05:24
Mixed/nonconventional	30	85	55	60	60.34	0.15	0	80.21	87.254	681.388	1000	3	0	278	189	0.4	Proao2	1	9.51	12.05	16.2	19/02/2020	10:05:30
Mixed/nonconventional	30	75	50	55	48.4	0.06	0	-52.77	104.181	676.192	1000	3	0	280	189	0.4	Proao2	1	9.51	12.03	16.7	19/02/2020	10:05:36
Mixed/nonconventional	30	65	45	50	43.13	0.03	0	-34.67	155.85	681.069	1000	3	0	276	188	0.4	Proao2	1	9.45	12.03	16.7	19/02/2020	10:05:42
Mixed/nonconventional	30	55	40	45	32.02	0.04	0	61.43	200.572	590.323	1000	3	0	259	153	0.4	Proao2	1	10.28	12.05	16.7	19/02/2020	10:05:47
Mixed/nonconventional	30	45	35	40	28.04	0.05	0	-45.63	197.587	221.387	1000	3	0	89	20	0.4	Proao2	1	12.34	12.03	16.7	19/02/2020	10:05:53
Mixed/nonconventional	35	80	55	60	50.18	0.79	0	-219.76	92.749	580.632	1000	3	0	314	182	0.5	Proao2	1	9.63	12.05	16.7	19/02/2020	10:05:59
Mixed/nonconventional	35	70	50	55	40.89	0.15	0	173.94	152.318	702.079	1000	3	0	269	189	0.4	Proao2	1	9.45	12.03	16.7	19/02/2020	10:06:05
Mixed/nonconventional	35	60	45	50	36.27	0.09	0	-198.38	190.691	495.455	1000	3	0	349	173	0.7	Proao2	1	9.77	12.05	17.2	19/02/2020	10:06:11
Mixed/nonconventional	35	50	40	45	26.42	0.08	0	216.28	198.115	235.537	1000	3	0	102	24	0.4	Proao2	1	12.28	12.05	17.2	19/02/2020	10:06:17
Mixed/nonconventional	40	110	70	80	77.92	0	0	-83.08	158.025	764.525	1000	3	0	250	192	0.3	Proao2	1	9.42	12.05	17.2	19/02/2020	10:06:23
Mixed/nonconventional	85	110	95	100	49.79	0.03	0	405.69	199.679	377.995	1000	3	0	148	56	0.4	Proao2	1	11.89	12.03	17.2	19/02/2020	10:06:29
Mixed/nonconventional	85	100	90	95	41.69	0	0	-99.54	199.549	150.379	1000	3	0	120	18	0.8	Proao2	1	12.4	12.05	17.2	19/02/2020	10:06:34
Mixed/nonconventional	40	95	65	70	70.83	0.08	0	85.36	73.814	491.1	1000	3	0	358	176	0.7	Proao2	1	9.8	12.03	17.2	19/02/2020	10:06:40
Mixed/nonconventional	40	85	60	65	57.77	0.03	0	18.1	128.38	698.138	1000	3	0	270	189	0.4	Proao2	1	9.45	12.05	17.2	19/02/2020	10:06:46
Mixed/nonconventional	40	75	55	60	41.48	0	0	42.16	152.076	691.006	1000	3	0	272	188	0.4	Proao2	1	9.48	12.05	17.2	19/02/2020	10:06:52
Mixed/nonconventional	40	65	50	55	35.01	0.03	0	22.92	202.226	544.395	1000	3	0	213	116	0.4	Proao2	1	11	12.03	17.2	19/02/2020	10:06:58
Mixed/nonconventional	40	55	45	50	29.85	0.03	0	-68.77	196.201	206.495	1000	3	0	90	19	0.4	Proao2	1	12.37	12.05	17.2	19/02/2020	10:07:04
Mixed/nonconventional	45	90	65	70	61.04	0.33	0	-118.14	95.491	491.457	1000	3	0	358	176	0.7	Proao2	1	9.8	12.05	17.2	19/02/2020	10:07:10
Mixed/nonconventional	45	80	60	65	47.48	0.12	0	207.51	143.064	567.934	1000	3	0	319	181	0.6	Proao2	1	9.63	12.03	17.7	19/02/2020	10:07:16
Mixed/nonconventional	45	70	55	60	34.9	0.05	0	-96.44	203.135	548.508	1000	3	0	223	122	0.4	Proao2	1	10.91	12.05	17.2	19/02/2020	10:07:22
Mixed/nonconventional	45	60	50	55	29.58	0.08	0	145.23	198.201	210.488	1000	3	0	155	33	0.7	Proao2	1	12.19	12.05	17.2	19/02/2020	10:07:27
Mixed/nonconventional	100	115	105	110	41.43	0.05	0	154.71	197.024	149.405	1000	3	0	102	15	0.7	Proao2	1	12.43	12.05	17.7	19/02/2020	10:07:33
Mixed/nonconventional	50	105	75	80	64.18	0.21	0	109.82	64.103	470.71	1000	3	0	367	173	0.8	Proao2	1	9.89	12.05	17.7	19/02/2020	10:07:39
Mixed/nonconventional	50	95	70	75	61.05	0.08	0	-144.2	90.331	464.851	1000	3	0	369	172	0.8	Proao2	1	9.86	12.05	17.7	19/02/2020	10:07:45
Mixed/nonconventional	50	85	65	70	51.53	0	0	80.71	174.371	637.793	1000	3	0	291	186	0.5	Proao2	1	9.54	12.03	17.7	19/02/2020	10:07:51
Mixed/nonconventional	50	75	60	65	39.91	0.03	0	37.63	199.161	470.374	1000	3	0	218	103	0.5	Proao2	1	11.23	12.05	17.7	19/02/2020	10:07:57
Mixed/nonconventional	50	65	55	60	31.18	0.07	0	45.48	199.307	200.828	1000	3	0	93	19	0.5	Proao2	1	12.37	12.05	17.7	19/02/2020	10:08:03
Mixed/nonconventional	55	100	75	80	56.55	0.76	0	-182.9	81.837	454.603	1000	3	0	377	171	0.8	Proao2	1	9.92	12.05	17.7	19/02/2020	10:08:09
Mixed/nonconventional	55	90	70	75	52.93	0.14	0	33.21	133.184	474.321	1000	3	0	367	174	0.8	Proao2	1	9.83	12.03	18.2	19/02/2020	10:08:15
Mixed/nonconventional	55	80	65	70	42.33	0.07	0	-27.26	202.652	451.219	1000	3	0	274	124	0.6	Proao2	1	10.88	12.05	17.7	19/02/2020	10:08:20
Mixed/nonconventional	55	70	60	65	34.97	0.08	0	146.49	198.801	178.618	1000	3	0	82	15	0.5	Proao2	1	12.43	12.05	17.7	19/02/2020	10:08:26
Mixed/nonconventional	60	115	85	90	70.66	0.58	0	102.06	80.537	537.119	1000	3	0	336	181	0.6	Proao2	1	9.71	12.05	18.2	19/02/2020	10:08:32
Mixed/nonconventional	60	105	80	85	57.98	0.14	0	-154.08	69.788	378.164	1000	3	0	398	151	1.1	Proao2	1	10.34	12.05	18.2	19/02/2020	10:08:38
Mixed/nonconventional	60	95	75	80	48.59	0.11	0	106.75	96.351	373.79	1000	3	0	398	149	1.1	Proao2	1	10.37	12.05	18.2	19/02/2020	10:08:44
Mixed/nonconventional	60	85	70	75	42.96	0.09	0	-109.01	201.329	441.703	1000	3	0	318	140	0.7	Proao2	1	10.61	12.05	18.2	19/02/2020	10:08:50
Mixed/nonconventional	60	75	65	70	33.47	0.09	0	65.81	199.237	187.007	1000	3	0	137	26	0.7	Proao2	1	12.28	12.03	18.2	19/02/2020	10:08:56
Mixed/nonconventional	65	110	85	90	61.33	0.31	0	-251.96	135.783	695.506	1000	3	0	272	189	0.4	Proao2	1	9.51	12.03	18.7	19/02/2020	10:09:02
Mixed/nonconventional	65	100	80	85	51.47	0.14	0	88.22	127.849	468.23	1000	3	0	368	172	0.8	Proao2	1	9.83	12.03	18.2	19/02/2020	10:09:08
Mixed/nonconventional	65	90	75	80	41.91	0.09	0	-75.14	201.851	453.871	1000	3	0	333	151	0.7	Proao2	1	10.34	12.03	18.7	19/02/2020	10:09:13
Mixed/nonconventional	65	80	70	75	34.64	0.08	0	0.1	200.035	181.418	1000	3	0	105	19	0.6	Proao2	1	12.34	12.03	18.7	19/02/2020	10:09:19
Mixed/nonconventional	70	115	90	95	67.65	0.84	0	-287.99	171.92	798.354	1000	3	0	241	192	0.3	Proao2	1	9.42	12.03	18.7	19/02/2020	10:09:25
Mixed/nonconventional	70	105	85	90	53.33	0.33	0	112.6	138.134	488.222	1000	3	0	356	174	0.7	Proao2	1	9.77	12.05	18.2	19/02/2020	10:09:31
Mixed/nonconventional	70	95	80	85	44.42	0.08	0	-74.08	204.133	433.098	1000	3	0	326	141	0.8	Proao2	1	10.52	12.05	18.7	19/02/2020	10:09:37
Mixed/nonconventional	70	85	75	80	32.57	0.07	0	65.7	198.464	191.407	1000	3	0	82	16	0.4	Proao2	1	12.4	12.05	18.7	19/02/2020	10:09:43
Mixed/nonconventional	75	110	90	95	57.85	0.42	0	198.51	186.815	608.721	1000	3	0	241	146	0.4	Proao2	1	10.55	12.05	18.7	19/02/2020	10:09:49
Mixed/nonconventional	75	100	85	90	46.58	0.1	0	-155.69	204.588	413.918	1000	3	0	326	135	0.8	Proao2	1	10.7	12.03	18.7	19/02/2020	10:09:55
Mixed/nonconventional	75	90	80	85	37.76	0.1	0	74.8	195.145	162.379	1000	3	0	121	20	0.7	Proao2	1	12.37	12.05	18.7	19/02/2020	10:10:00
Mixed/nonconventional	80	115	95	100	58.91	0.45	0	133.04	187.963	601.395	1000	3	0	276	166	0.5	Proao2	1	10.16	12.05	18.7	19/02/2020	10:10:06
Mixed/nonconventional	80	105	90	95	48.95	0.13	0	-122.35	221.099	425.734	1000	3	0	375	160	0.9	Proao2	1	10.19	12.05	18.7	19/02/2020	10:10:12
Mixed/nonconventional	80	95	85	90	37.21	0.16	0	35.65	197.864	167.042	1000	3	0	151	25	0.9	Proao2	1	12.28	12.05	19.2	19/02/2020	10:10:18
