El-array	Spa.1	Spa.2	Spa.3	Spa.4	Rho	Dev.	M	Sp	Vp	In	Time	Stack	Rs-Check	Vab	Pab	Rab	Name	Channel	Tx-Bat	Rx-Bat	Temp.	Date	
Mixed/nonconventional	110	115	145	140	44.09	0.28	0	-26.73	11.386	851.899	1000	3	0	233	198	0.3	Probo2	1	9.51	12.05	20.6	19/02/2020	10:28:29
Mixed/nonconventional	110	115	140	135	42.57	0.17	0	865.69	19.24	851.899	1000	3	0	233	198	0.3	Probo2	2	9.51	12.05	20.6	19/02/2020	10:28:29
Mixed/nonconventional	110	115	135	130	38.66	0.07	0	-701.21	34.946	851.899	1000	3	0	233	198	0.3	Probo2	3	9.51	12.05	20.6	19/02/2020	10:28:29
Mixed/nonconventional	110	115	130	125	44.43	0.04	0	576.38	100.394	851.899	1000	3	0	233	198	0.3	Probo2	4	9.51	12.05	20.6	19/02/2020	10:28:29
Mixed/nonconventional	110	115	125	120	37.59	0.04	0	-59.25	339.75	851.899	1000	3	0	233	198	0.3	Probo2	5	9.51	12.05	20.6	19/02/2020	10:28:29
Mixed/nonconventional	0	15	105	120	92.2	0.9	0	-167.62	-3.304	567.348	1000	4	0	324	184	0.6	Probo2	1	9.71	12.05	20.6	19/02/2020	10:28:36
Mixed/nonconventional	0	20	160	140	111.49	0.3	0	-605.72	3.306	625.991	1000	3	0	298	186	0.5	Probo2	1	9.6	12.05	20.2	19/02/2020	10:28:42
Mixed/nonconventional	0	20	140	120	102.94	0.17	0	681.32	4.884	625.991	1000	3	0	298	186	0.5	Probo2	2	9.6	12.05	20.2	19/02/2020	10:28:42
Mixed/nonconventional	0	25	175	200	143.88	0.25	0	594.99	-3.363	616.874	1000	3	0	300	185	0.5	Probo2	1	9.54	12.05	20.6	19/02/2020	10:28:48
Mixed/nonconventional	10	25	115	130	98.84	0.03	0	-828.4	-5.217	835.721	1000	3	0	230	192	0.3	Probo2	1	9.3	12.05	20.2	19/02/2020	10:28:54
Mixed/nonconventional	10	30	170	150	126.56	0.21	0	461.88	4.758	793.743	1000	3	0	239	190	0.3	Probo2	1	9.3	12.05	20.6	19/02/2020	10:29:00
Mixed/nonconventional	10	30	150	130	100.41	0.24	0	-739.4	6.04	793.743	1000	3	0	239	190	0.3	Probo2	2	9.3	12.05	20.6	19/02/2020	10:29:00
Mixed/nonconventional	10	35	185	210	142.43	1	0	-555.84	-4.185	775.387	1000	6	0	244	189	0.3	Probo2	1	9.3	12.03	20.6	19/02/2020	10:29:10
Mixed/nonconventional	20	35	110	125	88.68	0	0	64.35	-6.737	751.79	1000	3	0	251	189	0.3	Probo2	1	9.3	12.03	20.6	19/02/2020	10:29:16
Mixed/nonconventional	20	35	125	140	103.87	0.07	0	-740.09	-4.932	751.79	1000	3	0	251	189	0.3	Probo2	2	9.3	12.03	20.6	19/02/2020	10:29:16
Mixed/nonconventional	20	40	180	160	137.58	0.08	0	-99.38	5.135	787.906	1000	3	0	241	190	0.3	Probo2	1	9.27	12.05	20.6	19/02/2020	10:29:22
Mixed/nonconventional	20	40	160	140	116.2	0.05	0	-603.82	6.939	787.906	1000	3	0	241	190	0.3	Probo2	2	9.27	12.05	20.6	19/02/2020	10:29:22
Mixed/nonconventional	20	45	195	220	140.98	0.68	0	-514.48	-3.841	719.005	1000	3	0	260	187	0.4	Probo2	1	9.33	12.05	20.6	19/02/2020	10:29:28
Mixed/nonconventional	30	45	105	120	88.42	0.19	0	-168.38	-10.682	683.202	1000	3	0	273	187	0.4	Probo2	1	9.36	12.05	20.6	19/02/2020	10:29:34
Mixed/nonconventional	30	45	120	135	103.69	0.15	0	182.56	-7.159	683.202	1000	3	0	273	187	0.4	Probo2	2	9.36	12.05	20.6	19/02/2020	10:29:34
Mixed/nonconventional	30	45	135	150	107.65	0.16	0	37.81	-4.645	683.202	1000	3	0	273	187	0.4	Probo2	3	9.36	12.05	20.6	19/02/2020	10:29:34
Mixed/nonconventional	30	50	190	170	150.02	0.07	0	-233.35	4.758	669.601	1000	3	0	278	186	0.4	Probo2	1	9.39	12.05	20.6	19/02/2020	10:29:39
Mixed/nonconventional	30	50	170	150	136.73	0.07	0	459.99	6.939	669.601	1000	3	0	278	186	0.4	Probo2	2	9.39	12.05	20.6	19/02/2020	10:29:40
Mixed/nonconventional	30	55	205	230	138.69	0.19	0	66.68	-3.38	643.087	1000	3	0	288	185	0.4	Probo2	1	9.42	12.05	20.6	19/02/2020	10:29:45
Mixed/nonconventional	30	225	120	135	155.05	0.12	0	181.11	54.348	693.74	1000	3	0	269	186	0.4	Probo2	1	9.33	12.05	20.6	19/02/2020	10:29:51
Mixed/nonconventional	40	55	115	130	94.46	0.1	0	-810.44	-10.978	657.255	1000	3	0	278	183	0.4	Probo2	1	9.36	12.05	20.6	19/02/2020	10:29:57
Mixed/nonconventional	40	55	130	145	103.76	0.19	0	-134.31	-6.891	657.255	1000	3	0	278	183	0.4	Probo2	2	9.36	12.05	20.6	19/02/2020	10:29:57
Mixed/nonconventional	40	55	145	160	124.87	4.46	0	577.3	-5.184	657.255	1000	3	0	278	183	0.4	Probo2	3	9.36	12.05	20.6	19/02/2020	10:29:57
Mixed/nonconventional	40	60	200	180	156.16	1.19	0	14.89	3.769	509.58	1000	6	0	342	174	0.7	Probo2	1	9.6	12.05	20.6	19/02/2020	10:30:07
Mixed/nonconventional	40	60	180	160	136.16	6.12	0	-133.04	5.258	509.58	1000	6	0	342	174	0.7	Probo2	2	9.6	12.05	20.6	19/02/2020	10:30:07
Mixed/nonconventional	40	235	130	145	144.04	0.06	0	-133.62	50.975	700.432	1000	3	0	266	186	0.4	Probo2	1	9.3	12.05	20.6	19/02/2020	10:30:13
Mixed/nonconventional	115	160	135	140	64.9	0.06	0	-857.38	188.373	911.842	1000	3	0	209	191	0.2	Probo2	1	9.12	12.05	20.6	19/02/2020	10:30:19
Mixed/nonconventional	115	150	130	135	56.26	0.04	0	700.13	202.562	678.694	1000	3	0	167	113	0.2	Probo2	1	10.97	12.05	21.1	19/02/2020	10:30:25
Mixed/nonconventional	50	60	110	120	79.56	0.41	0	-56.11	-5.86	485.889	1000	3	0	357	173	0.7	Probo2	1	9.66	12.03	21.1	19/02/2020	10:30:31
Mixed/nonconventional	50	65	170	155	143.6	0.35	0	420.78	5.714	630.02	1000	3	0	290	183	0.5	Probo2	1	9.42	12.05	21.1	19/02/2020	10:30:37
Mixed/nonconventional	50	65	155	140	113.8	0.24	0	-857.97	7.245	630.02	1000	3	0	290	183	0.5	Probo2	2	9.42	12.05	21.1	19/02/2020	10:30:37
Mixed/nonconventional	50	65	140	125	105.5	0.18	0	740.52	11.754	630.02	1000	3	0	290	183	0.5	Probo2	3	9.42	12.05	21.1	19/02/2020	10:30:37
Mixed/nonconventional	50	70	210	190	158.47	0.21	0	516.3	4.978	663.16	1000	3	0	278	184	0.4	Probo2	1	9.36	12.05	21.1	19/02/2020	10:30:43
Mixed/nonconventional	50	70	190	170	158.79	0.15	0	-233.52	7.981	663.16	1000	3	0	278	184	0.4	Probo2	2	9.36	12.05	21.1	19/02/2020	10:30:43
Mixed/nonconventional	50	215	125	140	139.62	0.16	0	-739.25	21.67	219.419	1000	3	0	398	87	1.8	Probo2	1	11.26	12.05	20.6	19/02/2020	10:30:49
Mixed/nonconventional	60	70	110	120	78.09	0.14	0	-64.23	-10.47	505.443	1000	3	0	348	176	0.7	Probo2	1	9.63	12.05	20.6	19/02/2020	10:30:55
Mixed/nonconventional	60	70	120	130	100.68	0.22	0	-520.07	-7.713	505.443	1000	3	0	348	176	0.7	Probo2	2	9.63	12.05	20.6	19/02/2020	10:30:55
Mixed/nonconventional	60	75	180	165	145.02	0.12	0	-594.46	4.491	490.296	1000	3	0	356	175	0.7	Probo2	1	9.66	12.03	20.6	19/02/2020	10:31:01
Mixed/nonconventional	60	75	165	150	144.3	0.14	0	913.14	7.149	490.296	1000	3	0	356	175	0.7	Probo2	2	9.66	12.03	20.6	19/02/2020	10:31:01
Mixed/nonconventional	60	75	150	135	108.98	0.12	0	-163.82	9.449	490.296	1000	3	0	356	175	0.7	Probo2	3	9.66	12.03	20.6	19/02/2020	10:31:01
Mixed/nonconventional	60	80	220	200	153.1	0.83	0	501.69	3.258	449.283	1000	3	0	374	168	0.8	Probo2	1	9.77	12.05	21.1	19/02/2020	10:31:07
Mixed/nonconventional	60	80	200	180	165.08	0.56	0	17.32	5.621	449.283	1000	3	0	374	168	0.8	Probo2	2	9.77	12.05	21.1	19/02/2020	10:31:07
Mixed/nonconventional	60	225	135	150	130.48	0	0	146.6	46.58	504.663	1000	3	0	347	175	0.7	Probo2	1	9.63	12.05	20.6	19/02/2020	10:31:12
Mixed/nonconventional	60	190	120	130	127.19	0.07	0	-519.94	45.29	469.851	1000	3	0	364	171	0.8	Probo2	1	9.68	12.03	21.1	19/02/2020	10:31:18
Mixed/nonconventional	70	80	110	120	60.76	0.08	0	-72.61	-18.759	581.95	1000	3	0	307	179	0.5	Probo2	1	9.48	12.05	21.1	19/02/2020	10:31:24
Mixed/nonconventional	70	80	120	130	83.21	0.11	0	-519.77	-12.845	581.95	1000	3	0	307	179	0.5	Probo2	2	9.48	12.05	21.1	19/02/2020	10:31:24
Mixed/nonconventional	70	80	130	140	90.1	0.09	0	-155.3	-7.947	581.95	1000	3	0	307	179	0.5	Probo2	3	9.48	12.05	21.1	19/02/2020	10:31:24
Mixed/nonconventional	70	85	190	175	153.4	7.69	0	-1103.09	6.454	666.212	1000	6	0	274	183	0.4	Probo2	1	9.3	12.03	21.1	19/02/2020	10:31:34
Mixed/nonconventional	70	85	175	160	131.18	0.06	0	844.49	8.831	666.212	1000	6	0	274	183	0.4	Probo2	2	9.3	12.03	21.1	19/02/2020	10:31:34
Mixed/nonconventional	70	85	160	145	111.94	0.11	0	-917.28	13.188	666.212	1000	6	0	274	183	0.4	Probo2	3	9.3	12.03	21.1	19/02/2020	10:31:34
Mixed/nonconventional	70	90	230	210	139.95	1.41	0	-587.97	3.277	494.364	1000	6	0	346	171	0.7	Probo2	1	9.54	12.03	21.1	19/02/2020	10:31:44
Mixed/nonconventional	70	90	210	190	147.19	1.99	0	955.99	5.515	494.364	1000	6	0	346	171	0.7	Probo2	2	9.54	12.03	21.1	19/02/2020	10:31:44
Mixed/nonconventional	70	235	145	160	140.59	0.03	0	900.45	66.951	673.25	1000	3	0	272	183	0.4	Probo2	1	9.27	12.05	21.1	19/02/2020	10:31:50
Mixed/nonconventional	70	200	130	140	122.43	0.08	0	-154.13	52.293	563.597	1000	3	0	315	178	0.6	Probo2	1	9.42	12.05	21.1	19/02/2020	10:31:56
Mixed/nonconventional	70	180	120	130	119.72	0.03	0	-519.12	84.828	667.79	1000	3	0	275	183	0.4	Probo2	1	9.27	12.05	21.1	19/02/2020	10:32:02
Mixed/nonconventional	75	85	115	125	61.93	0.07	0	268.19	-20.696	629.869	1000	3	0	286	180	0.5	Probo2	1	9.3	12.05	21.6	19/02/2020	10:32:08
Mixed/nonconventional	80	90	150	140	86.17	0.04	0	-954.98	5.752	440.376	1000	3	0	375	165	0.9	Probo2	1	9.71	12.05	21.1	19/02/2020	10:32:14
Mixed/nonconventional	80	90	140	130	76.83	0.14	0	153.54	8.975	440.376	1000	3	0	375	165	0.9	Probo2	2	9.71	12.05	21.1	19/02/2020	10:32:14
Mixed/nonconventional	80	90	130	120	68.65	0.15	0	518.96	16.038	440.376	1000	3	0	375	165	0.9	Probo2	3	9.71	12.05	21.1	19/02/2020	10:32:14
Mixed/nonconventional	80	95	200	185	150.72	2.19	0	-403.99	4.051	425.587	1000	6	0	381	162	0.9	Probo2	1	9.77	11.94	17.2	19/02/2020	10:32:24
Mixed/nonconventional	80	95	185	170	135.79	0.38	0	-270.55	5.84	425.587	1000	6	0	381	162	0.9	Probo2	2	9.77	11.94	17.2	19/02/2020	10:32:24
Mixed/nonconventional	80	95	170	155	124.09	0.05	0	416.2	9.339	425.587	1000	6	0	381	162	0.9	Probo2	3	9.77	11.94	17.2	19/02/2020	10:32:24
Mixed/nonconventional	80	100	200	220	150.15	0.86	0	-879.98	-4.851	426.335	1000	4	0	382	163	0.9	Probo2	1	9.8	12.03	17.2	19/02/2020	10:32:31
Mixed/nonconventional	80	210	140	150	113.72	0.08	0	945.67	41.821	485.265	1000	3	0	355	172	0.7	Probo2	1	9.6	12.03	17.2	19/02/2020	10:32:36
Mixed/nonconventional	80	190	130	140	111.5	0.07	0	-152.57	62.45	527.864	1000	3	0	333	176	0.6	Probo2	1	9.48	12.03	17.2	19/02/2020	10:32:42
Mixed/nonconventional	80	170	120	130	105.83	0.11	0	-520.38	106.746	633.776	1000	3	0	289	183	0.5	Probo2	1	9.33	12.03	17.7	19/02/2020	10:32:48
Mixed/nonconventional	85	95	125	135	69.97	0.03	0	110.42	-17.296	465.958	1000	3	0	362	168	0.8	Probo2	1	9.63	12.03	17.2	19/02/2020	10:32:54
Mixed/nonconventional	90	95	115	120	46.7	0.19	0	128.71	-9.373	378.336	1000	3	0	397	150	1	Probo2	1	10.13	12.03	17.7	19/02/2020	10:33:00
Mixed/nonconventional	90	95	120	125	58.11	0.19	0	66.21	-6.665	378.336	1000	3	0	397	150	1	Probo2	2	10.13	12.03	17.7	19/02/2020	10:33:00
Mixed/nonconventional	90	100	160	150	105.93	0.13	0	55.51	6.031	375.656	1000	3	0	398	149	1.1	Probo2	1	10.16	12.03	17.7	19/02/2020	10:33:06
Mixed/nonconventional	90	100	150	140	78.56	0.15	0	-936.34	7.828	375.656	1000	3	0	398	149	1.1	Probo2	2	10.16	12.03	17.7	19/02/2020	10:33:06
Mixed/nonconventional	90	100	140	130	66.7	0.14	0	151.94	13.294	375.656	1000	3	0	398	149	1.1	Probo2	3	10.16	12.03	17.7	19/02/2020	10:33:06
Mixed/nonconventional	90	105	210	195	151.25	1.69	0	-83.93	3.683	385.594	1000	6	0	396	153	1	Probo2	1	10.07	11.94	17.7	19/02/2020	10:33:16
Mixed/nonconventional	90	105	195	180	156.86	0.24	0	282.28	6.112	385.594	1000	6	0	396	153	1	Probo2	2	10.07	11.94	17.7	19/02/2020	10:33:16
Mixed/nonconventional	90	105	180	165	122.58	0.05	0	-864.97	8.359	385.594	1000	6	0	396	153	1	Probo2	3	10.07	11.94	17.7	19/02/2020	10:33:16
Mixed/nonconventional	90	110	210	230	146.79	1.12	0	39.25	-5.768	518.417	1000	6	0	337	175	0.6	Probo2	1	9.51	11.92	17.7	19/02/2020	10:33:26
Mixed/nonconventional	90	220	150	160	128.6	0.06	0	-58.11	50.598	519.152	1000	3	0	337	175	0.6	Probo2	1	9.51	12.03	17.7	19/02/2020	10:33:32
Mixed/nonconventional	90	200	140	150	104.94	0.07	0	928.79	49.312	442.882	1000	3	0	376	166	0.8	Probo2	1	9.71	12.03	17.7	19/02/2020	10:33:38
Mixed/nonconventional	90	180	130	140	100.93	0.09	0	-150.83	80.184	499.155	1000	3	0	348	174	0.7	Probo2	1	9.54	12.05	18.2	19/02/2020	10:33:44
Mixed/nonconventional	90	160	120	130	90.12	0.03	0	-520.71	131.359	549.503	1000	3	0	322	177	0.6	Probo2	1	9.45	12.03	18.2	19/02/2020	10:33:50
Mixed/nonconventional	95	100	115	120	41.74	0.1	0	79.68	-15.958	360.299	1000	3	0	398	144	1.1	Probo2	1	10.28	12.03	18.2	19/02/2020	10:33:55
Mixed/nonconventional	95	100	120	125	50.89	0.22	0	67.35	-9.728	360.299	1000	3	0	398	144	1.1	Probo2	2	10.28	12.03	18.2	19/02/2020	10:33:55
Mixed/nonconventional	95	105	135	145	67.07	0.31	0	-824.96	-13.167	370.027	1000	3	0	398	147	1.1	Probo2	1	10.19	12.03	18.2	19/02/2020	10:34:01
Mixed/nonconventional	100	105	115	120	41.93	0.03	0	71.4	-41.33	371.632	1000	3	0	398	148	1.1	Probo2	1	10.19	12.03	18.2	19/02/2020	10:34:07
Mixed/nonconventional	100	105	120	125	50.45	0.05	0	67.58	-19.892	371.632	1000	3	0	398	148	1.1	Probo2	2	10.19	12.03	18.2	19/02/2020	10:34:07
Mixed/nonconventional	100	105	125	130	57.14	0.17	0	-586.76	-11.266	371.632	1000	3	0	398	148	1.1	Probo2	3	10.19	12.03	18.2	19/02/2020	10:34:07
Mixed/nonconventional	100	105	130	135	55.88	0.09	0	694.57	-6.296	371.632	1000	3	0	398	148	1.1	Probo2	4	10.19	12.03	18.2	19/02/2020	10:34:07
Mixed/nonconventional	100	110	170	160	112.55	0.61	0	234.67	8.399	492.322	1000	3	0	351	173	0.7	Probo2	1	9.6	12.03	18.2	19/02/2020	10:34:13
Mixed/nonconventional	100	110	160	150	93.46	0.54	0	-120.16	12.205	492.322	1000	3	0	351	173	0.7	Probo2	2	9.6	12.03	18.2	19/02/2020	10:34:13
Mixed/nonconventional	100	110	150	140	67.15	0.05	0	-922.37	17.54	492.322	1000	3	0	351	173	0.7	Probo2	3	9.6	12.03	18.2	19/02/2020	10:34:13
Mixed/nonconventional	100	115	220	205	131.56	0.52	0	102.7	4.286	515.819	1000	3	0	339	175	0.7	Probo2	1	9.54	12.03	18.2	19/02/2020	10:34:19
Mixed/nonconventional	100	115	205	190	134.77	0.15	0	314.53	7.025	515.819	1000	3	0	339	175	0.7	Probo2	2	9.54	12.03	18.2	19/02/2020	10:34:19
Mixed/nonconventional	100	115	190	175	129.8	0.17	0	-877.1	11.84	515.819	1000	3	0	339	175	0.7	Probo2	3	9.54	12.03	18.2	19/02/2020	10:34:20
Mixed/nonconventional	100	230	160	170	132.62	0.1	0	-215.26	48.347	481.035	1000	3	0	357	172	0.7	Probo2	1	9.6	12.03	18.2	19/02/2020	10:34:25
Mixed/nonconventional	100	210	150	160	117.12	0.17	0	71.8	51.637	415.542	1000	3	0	388	161	0.9	Probo2	1	9.86	12.03	18.7	19/02/2020	10:34:31
Mixed/nonconventional	100	190	140	150	93.04	0.13	0	919.36	66.454	448.776	1000	3	0	371	167	0.8	Probo2	1	9.71	12.03	18.2	19/02/2020	10:34:37
Mixed/nonconventional	100	170	130	140	85.63	0.03	0	-149.27	117.601	517.717	1000	3	0	338	175	0.7	Probo2	1	9.51	12.03	18.2	19/02/2020	10:34:43
Mixed/nonconventional	100	155	125	130	80.96	0.06	0	-588.2	88.697	516.263	1000	3	0	338	175	0.7	Probo2	1	9.51	12.03	18.7	19/02/2020	10:34:49
Mixed/nonconventional	100	145	120	125	65	0.07	0	67.37	107.45	519.305	1000	3	0	337	175	0.6	Probo2	1	9.51	12.03	18.7	19/02/2020	10:34:55
Mixed/nonconventional	105	110	115	120	38.61	0.08	0	-249.82	-205.123	500.669	1000	3	0	345	173	0.7	Probo2	1	9.54	12.03	18.2	19/02/2020	10:35:01
Mixed/nonconventional	105	110	120	125	50.4	0.05	0	69.49	-66.938	500.669	1000	3	0	345	173	0.7	Probo2	2	9.54	12.03	18.2	19/02/2020	10:35:01
Mixed/nonconventional	105	110	125	130	54.57	0.17	0	-587.54	-28.988	500.669	1000	3	0	345	173	0.7	Probo2	3	9.54	12.03	18.2	19/02/2020	10:35:01
Mixed/nonconventional	105	110	130	135	50.03	0.42	0	693.88	-13.288	500.669	1000	3	0	345	173	0.7	Probo2	4	9.54	12.03	18.2	19/02/2020	10:35:01
Mixed/nonconventional	105	115	145	155	64.26	2.3	0	173.97	-18.008	528.222	1000	6	0	330	175	0.6	Probo2	1	9.45	11.94	18.7	19/02/2020	10:35:11
Mixed/nonconventional	105	150	125	130	71.61	0.04	0	-588.54	118.881	521.56	1000	3	0	334	174	0.6	Probo2	1	9.48	12.03	18.7	19/02/2020	10:35:17
Mixed/nonconventional	105	140	120	125	56.17	0.05	0	66.82	165.926	556.773	1000	3	0	317	177	0.6	Probo2	1	9.42	12.03	19.2	19/02/2020	10:35:23
Mixed/nonconventional	110	220	160	170	120.81	0.03	0	0.91	95.603	745.817	1000	3	0	246	184	0.3	Probo2	1	9.15	12.03	19.2	19/02/2020	10:35:29
Mixed/nonconventional	110	200	150	160	105.66	0.06	0	-160.28	96.934	576.401	1000	3	0	306	176	0.5	Probo2	1	9.33	12.03	19.2	19/02/2020	10:35:34
Mixed/nonconventional	110	180	140	150	81.32	0.17	0	589.48	148.491	688.361	1000	3	0	263	181	0.4	Probo2	1	9.15	12.03	19.2	19/02/2020	10:35:40
Mixed/nonconventional	110	165	135	140	74.18	0.38	0	-494.53	112.919	717.348	1000	3	0	254	182	0.4	Probo2	1	9.12	12.03	18.7	19/02/2020	10:35:46
Mixed/nonconventional	110	155	130	135	66.01	0.04	0	691.37	167.773	798.497	1000	3	0	231	185	0.3	Probo2	1	9	12.03	19.2	19/02/2020	10:35:52
Mixed/nonconventional	110	145	125	130	62.73	0.04	0	-590.69	199.839	600.507	1000	3	0	171	103	0.3	Probo2	1	11.09	12.03	19.2	19/02/2020	10:35:58
Mixed/nonconventional	110	135	120	125	49.1	0.07	0	65.8	200.954	385.732	1000	3	0	110	42	0.3	Probo2	1	12.01	12.03	19.2	19/02/2020	10:36:04
Mixed/nonconventional	115	140	125	130	52.12	0.03	0	-589.86	191.431	346.13	1000	3	0	64	22	0.2	Probo2	1	12.28	12.05	19.2	19/02/2020	10:36:10
Mixed/nonconventional	115	130	120	125	38.1	0.03	0	66.88	191.676	158.064	1000	3	0	41	7	0.3	Probo2	1	12.49	12.05	19.7	19/02/2020	10:36:16
Mixed/nonconventional	0	130	60	70	137.56	0.08	0	42.94	64.835	621.903	1000	3	0	293	182	0.5	Probo2	1	9.45	12.03	19.2	19/02/2020	10:36:21
Mixed/nonconventional	0	165	75	90	147.22	0.07	0	-78.16	60.941	585.196	1000	3	0	307	179	0.5	Probo2	1	9.45	12.03	19.7	19/02/2020	10:36:27
Mixed/nonconventional	0	195	90	105	185.72	0.47	0	102.47	13.519	144.073	1000	3	0	399	57	2.8	Probo2	1	11.68	12.03	19.7	19/02/2020	10:36:33
Mixed/nonconventional	10	120	60	70	120.09	0.07	0	44.54	114.514	898.703	1000	3	0	211	190	0.2	Probo2	1	9.09	12.05	19.7	19/02/2020	10:36:39
Mixed/nonconventional	10	140	70	80	126	0.05	0	11.6	95.256	997.487	1000	3	0	190	190	0.2	Probo2	1	8.97	12.03	19.7	19/02/2020	10:36:45
Mixed/nonconventional	10	175	85	100	160.72	0.03	0	-324.34	99.972	879.38	1000	3	0	212	187	0.2	Probo2	1	9	12.03	19.7	19/02/2020	10:36:51
Mixed/nonconventional	10	205	100	115	176.16	0.47	0	-156.09	33.27	373.792	1000	3	0	397	148	1.1	Probo2	1	10.04	12.03	20.2	19/02/2020	10:36:57
Mixed/nonconventional	20	130	70	80	110.34	0.04	0	13.34	95.196	813.109	1000	3	0	230	187	0.3	Probo2	1	9.12	12.03	20.2	19/02/2020	10:37:03
Mixed/nonconventional	20	150	80	90	126.58	0.06	0	-96.5	78.545	818.731	1000	3	0	227	186	0.3	Probo2	1	9.06	12.05	20.2	19/02/2020	10:37:09
Mixed/nonconventional	20	185	95	110	166.14	0.03	0	-348.87	85.42	726.865	1000	3	0	251	183	0.3	Probo2	1	9.12	12.03	20.2	19/02/2020	10:37:14
Mixed/nonconventional	20	215	110	125	151.12	0.38	0	316.44	17.743	232.375	1000	3	0	399	93	1.7	Probo2	1	11.09	12.03	20.2	19/02/2020	10:37:20
Mixed/nonconventional	105	130	115	120	43.36	0.06	0	629.81	200.527	435.876	1000	3	0	279	122	0.6	Probo2	1	10.76	12.05	20.2	19/02/2020	10:37:26
Mixed/nonconventional	110	125	115	120	38.33	0	0	608.48	193.25	158.402	1000	3	0	49	8	0.3	Probo2	1	12.46	12.03	20.6	19/02/2020	10:37:32
Mixed/nonconventional	30	120	70	80	95.06	0.05	0	13.77	121.84	805.343	1000	3	0	235	190	0.3	Probo2	1	9.21	12.03	20.2	19/02/2020	10:37:38
Mixed/nonconventional	30	140	80	90	110.66	0.03	0	-96.25	102.738	875.024	1000	3	0	217	190	0.2	Probo2	1	9.06	12.03	20.2	19/02/2020	10:37:44
Mixed/nonconventional	30	160	90	100	140	0.04	0	87.19	84.494	796.331	1000	3	0	235	187	0.3	Probo2	1	9.09	12.05	20.2	19/02/2020	10:37:50
Mixed/nonconventional	30	195	105	120	144.28	1.63	0	911.65	16.262	159.345	1000	6	0	399	64	2.5	Probo2	1	11.56	11.92	20.6	19/02/2020	10:38:00
Mixed/nonconventional	40	130	80	90	95.82	0.06	0	-94.52	120.323	789.016	1000	3	0	236	186	0.3	Probo2	1	9.18	12.03	21.1	19/02/2020	10:38:05
Mixed/nonconventional	40	150	90	100	126.29	0.05	0	99.43	106.34	793.6	1000	3	0	234	185	0.3	Probo2	1	9.09	12.03	20.6	19/02/2020	10:38:11
Mixed/nonconventional	40	170	100	110	145.8	0.03	0	-290.56	89.672	811.541	1000	3	0	229	186	0.3	Probo2	1	9.06	12.03	20.6	19/02/2020	10:38:17
Mixed/nonconventional	40	205	115	130	138.92	0.45	0	678.48	35.754	363.856	1000	3	0	397	145	1.1	Probo2	1	10.16	12.03	20.6	19/02/2020	10:38:23
Mixed/nonconventional	50	120	80	90	80.88	0	0	-94.89	157.071	732.16	1000	3	0	251	184	0.3	Probo2	1	9.18	12.05	21.1	19/02/2020	10:38:29
Mixed/nonconventional	50	140	90	100	108.98	0.02	0	108.93	136.402	786.431	1000	3	0	235	185	0.3	Probo2	1	9.09	12.03	21.1	19/02/2020	10:38:35
Mixed/nonconventional	50	160	100	110	132.62	0.03	0	-242.47	102.313	727.077	1000	3	0	251	182	0.3	Probo2	1	9.09	12.03	21.1	19/02/2020	10:38:41
Mixed/nonconventional	50	180	110	120	119.54	0.27	0	832.48	57.214	631.511	1000	3	0	283	178	0.4	Probo2	1	9.24	12.03	21.1	19/02/2020	10:38:47
Mixed/nonconventional	60	130	90	100	90.86	0.08	0	116.06	125.28	519.814	1000	3	0	332	172	0.6	Probo2	1	9.48	12.03	21.1	19/02/2020	10:38:53
Mixed/nonconventional	60	150	100	110	117.19	0.07	0	-214.86	98.204	526.521	1000	3	0	330	174	0.6	Probo2	1	9.45	12.03	21.1	19/02/2020	10:38:58
Mixed/nonconventional	60	170	110	120	108.38	0.18	0	741.7	61.695	536.5	1000	3	0	326	175	0.6	Probo2	1	9.45	12.05	21.1	19/02/2020	10:39:04
Mixed/nonconventional	70	125	95	100	79.43	0.04	0	-177.59	126.04	747.796	1000	3	0	246	184	0.3	Probo2	1	9.09	12.03	21.6	19/02/2020	10:39:10
Mixed/nonconventional	70	140	100	110	98.19	0.07	0	-195.12	201.698	774.418	1000	3	0	200	155	0.3	Probo2	1	10.07	12.03	21.1	19/02/2020	10:39:16
Mixed/nonconventional	70	160	110	120	97.5	0.06	0	685.36	120.553	776.893	1000	3	0	239	186	0.3	Probo2	1	9.06	12.03	21.6	19/02/2020	10:39:22
Mixed/nonconventional	75	120	95	100	69.71	0.03	0	-171.24	161.246	726.671	1000	3	0	250	181	0.3	Probo2	1	9.06	12.05	21.6	19/02/2020	10:39:28
Mixed/nonconventional	80	125	100	105	73.54	0.05	0	-136.4	142.423	608.431	1000	3	0	292	178	0.5	Probo2	1	9.27	12.03	21.1	19/02/2020	10:39:34
Mixed/nonconventional	80	135	105	110	82.76	0.04	0	-40.94	110.057	626.687	1000	3	0	287	180	0.5	Probo2	1	9.24	12.03	21.6	19/02/2020	10:39:40
Mixed/nonconventional	80	150	110	120	82.56	0.21	0	745.28	135.315	617.919	1000	3	0	290	179	0.5	Probo2	1	9.27	12.01	21.6	19/02/2020	10:39:46
Mixed/nonconventional	85	120	100	105	64.09	0.05	0	-119.99	199.444	586.549	1000	3	0	200	117	0.3	Probo2	1	10.82	12.03	22.1	19/02/2020	10:39:51
Mixed/nonconventional	85	130	105	110	71.9	0	0	-42.79	162.127	708.43	1000	3	0	258	183	0.4	Probo2	1	9.15	12.03	21.6	19/02/2020	10:39:57
Mixed/nonconventional	90	125	105	110	63.26	0.06	0	-43.37	175.528	523.021	1000	3	0	330	173	0.6	Probo2	1	9.48	12.03	22.1	19/02/2020	10:40:03
Mixed/nonconventional	90	135	110	115	62.63	0.09	0	140.45	107.31	538.296	1000	3	0	324	174	0.6	Probo2	1	9.42	12.03	21.6	19/02/2020	10:40:09
Mixed/nonconventional	90	145	115	120	67.58	0.13	0	559.93	77.146	537.972	1000	3	0	324	174	0.6	Probo2	1	9.42	12.03	22.6	19/02/2020	10:40:15
Mixed/nonconventional	95	120	105	110	54.3	0.08	0	-47.07	196.48	341.028	1000	3	0	227	78	0.7	Probo2	1	11.47	12.03	22.1	19/02/2020	10:40:21
Mixed/nonconventional	95	130	110	115	53.65	0.07	0	134.63	142.433	500.464	1000	3	0	345	172	0.7	Probo2	1	9.54	12.03	22.6	19/02/2020	10:40:27
Mixed/nonconventional	95	140	115	120	58.76	0.38	0	589.75	100.039	534.854	1000	3	0	328	175	0.6	Probo2	1	9.48	12.05	22.1	19/02/2020	10:40:33
Mixed/nonconventional	100	125	110	115	46.97	0.07	0	131.95	199.348	399.982	1000	3	0	267	107	0.7	Probo2	1	11	12.03	22.6	19/02/2020	10:40:39
Mixed/nonconventional	100	135	115	120	50.41	0.11	0	533.8	138.736	518.765	1000	3	0	336	174	0.6	Probo2	1	9.51	12.03	22.1	19/02/2020	10:40:45
Mixed/nonconventional	105	120	110	115	38.68	0.04	0	129.17	199.768	162.252	1000	3	0	101	16	0.6	Probo2	1	12.31	12.03	22.6	19/02/2020	10:40:50
Mixed/nonconventional	110	120	180	170	81.43	0.04	0	-95.52	10.247	830.198	1000	3	0	225	187	0.3	Probo2	1	9.09	12.03	22.6	19/02/2020	10:40:56
Mixed/nonconventional	110	120	170	160	73.39	0.09	0	144.53	16.162	830.198	1000	3	0	225	187	0.3	Probo2	2	9.09	12.03	22.6	19/02/2020	10:40:56
Mixed/nonconventional	110	120	160	150	58.76	0.06	0	43.93	25.881	830.198	1000	3	0	225	187	0.3	Probo2	3	9.09	12.03	22.6	19/02/2020	10:40:56
Mixed/nonconventional	110	125	230	215	108.2	0.05	0	33.05	5.38	787.227	1000	3	0	235	185	0.3	Probo2	1	9.09	12.03	22.6	19/02/2020	10:41:02
Mixed/nonconventional	110	125	215	200	110.89	0.09	0	18.1	8.821	787.227	1000	3	0	235	185	0.3	Probo2	2	9.09	12.03	22.6	19/02/2020	10:41:02
Mixed/nonconventional	110	125	200	185	100.74	0.05	0	-1.58	14.024	787.227	1000	3	0	235	185	0.3	Probo2	3	9.09	12.03	22.6	19/02/2020	10:41:02
Mixed/nonconventional	115	120	145	140	34.64	0.63	0	-1.58	16.931	921.241	1000	3	0	202	187	0.2	Probo2	1	8.94	12.03	23.1	19/02/2020	10:41:08
Mixed/nonconventional	115	120	140	135	33.54	0.15	0	469.58	32.783	921.241	1000	3	0	202	187	0.2	Probo2	2	8.94	12.03	23.1	19/02/2020	10:41:08
Mixed/nonconventional	115	120	135	130	30.22	0.06	0	29.64	73.857	921.241	1000	3	0	202	187	0.2	Probo2	3	8.94	12.03	23.1	19/02/2020	10:41:08
Mixed/nonconventional	115	120	130	125	32.68	1	0	128.11	319.391	921.241	1000	3	0	202	187	0.2	Probo2	4	8.94	12.03	23.1	19/02/2020	10:41:08
Mixed/nonconventional	115	125	155	165	60.76	0.03	0	-462.54	-27.843	863.725	1000	3	0	214	185	0.2	Probo2	1	8.94	12.03	23.1	19/02/2020	10:41:14
Mixed/nonconventional	235	180	205	210	72.37	0.03	0	-486.87	-98.233	639.63	1000	3	0	278	178	0.4	Probo2	1	9.21	12.03	22.6	19/02/2020	10:41:20
Mixed/nonconventional	235	190	210	215	54.98	0.02	0	484.29	-103.182	589.593	1000	3	0	296	175	0.5	Probo2	1	9.27	12.03	23.1	19/02/2020	10:41:26
Mixed/nonconventional	235	200	215	220	45.61	0.04	0	-446.75	-131.875	545.001	1000	3	0	317	173	0.6	Probo2	1	9.36	12.03	23.1	19/02/2020	10:41:32
Mixed/nonconventional	235	210	220	225	38.23	0.06	0	356.02	-201.272	496.129	1000	3	0	302	150	0.6	Probo2	1	10.04	12.03	23.1	19/02/2020	10:41:38
Mixed/nonconventional	235	220	225	230	32.96	0.06	0	63.67	-193.648	184.581	1000	3	0	72	13	0.4	Probo2	1	12.34	12.05	23.1	19/02/2020	10:41:44
Mixed/nonconventional	230	120	170	180	109.91	0.05	0	282.16	-90.073	772.377	1000	3	0	238	184	0.3	Probo2	1	9.12	12.03	23.1	19/02/2020	10:41:50
Mixed/nonconventional	230	140	180	190	105.08	0.04	0	12.64	-139.533	834.367	1000	3	0	222	185	0.3	Probo2	1	9	12.03	23.6	19/02/2020	10:41:56
Mixed/nonconventional	230	160	190	200	70.2	0.03	0	37.32	-142.175	763.506	1000	3	0	239	183	0.3	Probo2	1	9.06	12.03	23.6	19/02/2020	10:42:01
Mixed/nonconventional	230	185	205	210	61.77	0.08	0	86.98	-131.795	670.28	1000	3	0	267	179	0.4	Probo2	1	9.12	12.03	23.6	19/02/2020	10:42:07
Mixed/nonconventional	230	195	210	215	45.47	0.34	0	-26.58	-37.187	154.164	1000	3	0	399	62	2.6	Probo2	1	11.56	12.03	23.6	19/02/2020	10:42:13
Mixed/nonconventional	230	205	215	220	37.16	0.15	0	-254.42	-138.956	352.424	1000	3	0	398	140	1.1	Probo2	1	10.25	12.03	23.1	19/02/2020	10:42:19
Mixed/nonconventional	230	215	220	225	30.06	0.16	0	181.3	-199.421	208.383	1000	3	0	367	77	1.8	Probo2	1	11.38	12.03	24.1	19/02/2020	10:42:25
Mixed/nonconventional	225	170	195	200	56.59	0.21	0	-110.65	-90.28	751.757	1000	3	0	244	184	0.3	Probo2	1	9.15	12.03	24.1	19/02/2020	10:42:31
Mixed/nonconventional	225	180	200	205	53.64	0.35	0	164.76	-111.046	650.429	1000	3	0	276	179	0.4	Probo2	1	9.24	12.03	24.1	19/02/2020	10:42:37
Mixed/nonconventional	225	190	205	210	53.38	0.08	0	-400.97	-169.321	597.908	1000	3	0	293	175	0.5	Probo2	1	9.3	12.03	24.6	19/02/2020	10:42:43
Mixed/nonconventional	225	200	210	215	37.71	0.04	0	394.25	-205.161	512.792	1000	3	0	294	151	0.6	Probo2	1	10.07	12.03	24.6	19/02/2020	10:42:49
Mixed/nonconventional	225	210	215	220	32.94	0.1	0	-542.8	-194.023	185.059	1000	3	0	114	21	0.6	Probo2	1	12.25	12.03	24.1	19/02/2020	10:42:54
Mixed/nonconventional	225	220	230	235	25.92	0.07	0	201.88	191.263	695.494	1000	3	0	258	179	0.4	Probo2	1	9.39	12.03	24.1	19/02/2020	10:43:00
Mixed/nonconventional	220	130	170	180	94.19	0.03	0	119.73	-116.355	776.175	1000	3	0	236	183	0.3	Probo2	1	9.09	12.03	24.6	19/02/2020	10:43:06
Mixed/nonconventional	220	150	180	190	84.21	0.03	0	14.3	-175.035	783.612	1000	3	0	233	183	0.3	Probo2	1	9	12.03	24.6	19/02/2020	10:43:12
Mixed/nonconventional	220	175	195	200	47.99	0.04	0	145.65	-122.8	803.947	1000	3	0	228	183	0.3	Probo2	1	8.97	12.03	24.6	19/02/2020	10:43:18
Mixed/nonconventional	220	185	200	205	45.16	0.03	0	-139.36	-167.989	701.151	1000	3	0	257	180	0.4	Probo2	1	9.09	12.03	25	19/02/2020	10:43:24
Mixed/nonconventional	220	195	205	210	45.83	0.33	0	-129.38	-76.917	158.166	1000	3	0	399	63	2.5	Probo2	1	11.5	12.03	25	19/02/2020	10:43:30
Mixed/nonconventional	220	205	210	215	32.42	0.09	0	177.32	-195.838	189.763	1000	3	0	211	40	1.1	Probo2	1	12.01	12.03	24.6	19/02/2020	10:43:36
Mixed/nonconventional	220	215	235	230	27.09	0.15	0	-110.79	-16.727	232.771	1000	3	0	398	93	1.7	Probo2	1	11.15	12.03	25	19/02/2020	10:43:42
Mixed/nonconventional	220	215	230	225	27.24	0.2	0	-25.49	-67.282	232.771	1000	3	0	398	93	1.7	Probo2	2	11.15	12.03	25	19/02/2020	10:43:42
Mixed/nonconventional	215	160	185	190	72.91	0.22	0	-115.05	-37.875	244.807	1000	3	0	398	97	1.6	Probo2	1	11.15	12.03	25	19/02/2020	10:43:48
Mixed/nonconventional	215	170	190	195	53.27	0.25	0	102.43	-41.813	246.577	1000	3	0	398	98	1.6	Probo2	1	11.15	12.03	25	19/02/2020	10:43:53
Mixed/nonconventional	215	180	195	200	41.11	0.18	0	-49.69	-51.021	233.942	1000	3	0	398	93	1.7	Probo2	1	11.23	12.03	25	19/02/2020	10:43:59
Mixed/nonconventional	215	190	200	205	40.33	0.21	0	28.16	-96.744	226.101	1000	3	0	398	90	1.8	Probo2	1	11.26	12.03	25	19/02/2020	10:44:05
Mixed/nonconventional	215	200	205	210	39.22	0.08	0	-351.52	-198.396	158.915	1000	3	0	293	46	1.8	Probo2	1	11.92	12.03	25.5	19/02/2020	10:44:11
Mixed/nonconventional	215	210	235	230	29.8	0.29	0	-76.44	-6.721	212.582	1000	3	0	398	85	1.9	Probo2	1	11.35	12.03	25.5	19/02/2020	10:44:17
Mixed/nonconventional	215	210	230	225	28.17	0.2	0	6.46	-15.887	212.582	1000	3	0	398	85	1.9	Probo2	2	11.35	12.03	25.5	19/02/2020	10:44:17
Mixed/nonconventional	215	210	225	220	25.88	0.32	0	-334	-58.367	212.582	1000	3	0	398	85	1.9	Probo2	3	11.35	12.03	25.5	19/02/2020	10:44:17
Mixed/nonconventional	210	120	160	170	102.86	0.06	0	-60.19	-98.175	599.724	1000	3	0	300	180	0.5	Probo2	1	9.45	12.03	25.5	19/02/2020	10:44:23
Mixed/nonconventional	210	140	170	180	77.23	0.08	0	107.18	-130.863	638.791	1000	3	0	285	182	0.4	Probo2	1	9.33	12.03	25.5	19/02/2020	10:44:29
Mixed/nonconventional	210	165	185	190	64.31	0.07	0	25.06	-114.603	559.809	1000	3	0	315	176	0.6	Probo2	1	9.42	12.01	25.5	19/02/2020	10:44:35
Mixed/nonconventional	210	175	190	195	46.14	0.07	0	-52.8	-148.344	605.993	1000	3	0	294	178	0.5	Probo2	1	9.3	12.03	25.5	19/02/2020	10:44:41
Mixed/nonconventional	210	185	195	200	35.51	0.08	0	91.08	-202.013	536.137	1000	3	0	303	162	0.6	Probo2	1	9.8	12.03	25.5	19/02/2020	10:44:47
Mixed/nonconventional	210	195	200	205	35.49	0.2	0	-110.93	-164.918	145.973	1000	3	0	398	58	2.7	Probo2	1	11.62	12.03	26	19/02/2020	10:44:53
Mixed/nonconventional	210	205	235	230	37.65	0.29	0	-52.91	-6.13	306.865	1000	3	0	399	122	1.3	Probo2	1	10.67	12.03	25.5	19/02/2020	10:44:59
Mixed/nonconventional	210	205	230	225	34.39	0.24	0	10.97	-11.198	306.865	1000	3	0	399	122	1.3	Probo2	2	10.67	12.03	25.5	19/02/2020	10:44:59
Mixed/nonconventional	210	205	225	220	33.4	0.16	0	-229.72	-27.19	306.865	1000	3	0	399	122	1.3	Probo2	3	10.67	12.03	25.5	19/02/2020	10:44:59
Mixed/nonconventional	210	205	220	215	34.38	0.11	0	422.51	-111.954	306.865	1000	3	0	399	122	1.3	Probo2	4	10.67	12.03	25.5	19/02/2020	10:44:59
Mixed/nonconventional	205	150	175	180	67.72	0.17	0	115.11	-54.683	380.521	1000	3	0	396	151	1	Probo2	1	10.07	12.03	26	19/02/2020	10:45:05
Mixed/nonconventional	205	160	180	185	60.34	0.08	0	109.01	-75.397	392.571	1000	3	0	393	154	1	Probo2	1	10.01	12.03	26	19/02/2020	10:45:10
Mixed/nonconventional	205	170	185	190	58.88	0.12	0	-124.79	-123.96	396.817	1000	3	0	392	155	1	Probo2	1	9.95	12.01	26	19/02/2020	10:45:16
Mixed/nonconventional	205	180	190	195	42.58	0.1	0	114.29	-166.873	369.406	1000	3	0	397	147	1.1	Probo2	1	10.16	12.03	26.5	19/02/2020	10:45:22
Mixed/nonconventional	205	190	195	200	33.46	0.07	0	-55.3	-199.116	186.976	1000	3	0	215	40	1.1	Probo2	1	12.01	12.03	26	19/02/2020	10:45:28
Mixed/nonconventional	205	200	235	230	35.12	0.17	0	-40.18	-3.488	327.605	1000	3	0	398	130	1.2	Probo2	1	10.55	12.03	26.5	19/02/2020	10:45:34
Mixed/nonconventional	205	200	230	225	28.7	0.35	0	8.3	-4.988	327.605	1000	3	0	398	130	1.2	Probo2	2	10.55	12.03	26.5	19/02/2020	10:45:34
Mixed/nonconventional	205	200	225	220	27.57	0.18	0	-209.01	-9.583	327.605	1000	3	0	398	130	1.2	Probo2	3	10.55	12.03	26.5	19/02/2020	10:45:34
Mixed/nonconventional	205	200	220	215	30.3	0.2	0	449.5	-26.329	327.605	1000	3	0	398	130	1.2	Probo2	4	10.55	12.03	26.5	19/02/2020	10:45:34
Mixed/nonconventional	205	200	215	210	33.61	0.18	0	-884.5	-116.823	327.605	1000	3	0	398	130	1.2	Probo2	5	10.55	12.03	26.5	19/02/2020	10:45:34
Mixed/nonconventional	200	130	160	170	86.5	0	0	-42.9	-135.852	592.055	1000	3	0	300	177	0.5	Probo2	1	9.39	12.03	26.5	19/02/2020	10:45:40
Mixed/nonconventional	200	155	175	180	58.81	0.06	0	403.25	-112.489	600.912	1000	3	0	295	177	0.5	Probo2	1	9.33	12.03	26.5	19/02/2020	10:45:46
Mixed/nonconventional	200	165	180	185	54.2	0.04	0	-43.9	-161.481	561.637	1000	3	0	311	174	0.6	Probo2	1	9.36	12.05	26.5	19/02/2020	10:45:52
Mixed/nonconventional	200	175	185	190	51.52	0.05	0	12.59	-200.099	366.032	1000	3	0	177	65	0.5	Probo2	1	11.65	12.03	26	19/02/2020	10:45:58
Mixed/nonconventional	200	185	190	195	34.29	0.06	0	-34.5	-199.402	182.663	1000	3	0	104	19	0.6	Probo2	1	12.28	12.05	26.5	19/02/2020	10:46:04
Mixed/nonconventional	200	195	225	220	26.8	0.92	0	-203.35	-2.083	146.502	1000	3	0	399	58	2.7	Probo2	1	11.65	12.03	26.5	19/02/2020	10:46:10
Mixed/nonconventional	200	195	220	215	29.21	0.75	0	456.84	-4.54	146.502	1000	3	0	399	58	2.7	Probo2	2	11.65	12.03	26.5	19/02/2020	10:46:10
Mixed/nonconventional	200	195	215	210	31.23	0.03	0	-677.48	-12.136	146.502	1000	3	0	399	58	2.7	Probo2	3	11.65	12.03	26.5	19/02/2020	10:46:10
Mixed/nonconventional	200	195	210	205	37.4	0.29	0	383.62	-58.131	146.502	1000	3	0	399	58	2.7	Probo2	4	11.65	12.03	26.5	19/02/2020	10:46:10
Mixed/nonconventional	195	140	165	170	67.05	0.43	0	-23.23	-24.838	174.567	1000	3	0	399	70	2.3	Probo2	1	11.56	12.03	27	19/02/2020	10:46:16
Mixed/nonconventional	195	150	170	175	54.21	0.23	0	-49.51	-30.443	176.419	1000	3	0	398	70	2.3	Probo2	1	11.56	12.03	26.5	19/02/2020	10:46:22
Mixed/nonconventional	195	160	175	180	50.63	0.18	0	188.92	-49.188	183.115	1000	3	0	398	73	2.2	Probo2	1	11.53	12.01	27	19/02/2020	10:46:28
Mixed/nonconventional	195	170	180	185	47.97	0.17	0	38.03	-95.263	187.181	1000	3	0	399	75	2.1	Probo2	1	11.5	12.01	27	19/02/2020	10:46:33
Mixed/nonconventional	195	180	185	190	38.01	0.09	0	-79.16	-200.677	165.879	1000	3	0	366	61	2.2	Probo2	1	11.71	12.03	27	19/02/2020	10:46:39
Mixed/nonconventional	195	185	225	235	43.85	0.56	0	27.55	4.289	184.379	1000	3	0	398	73	2.2	Probo2	1	11.53	12.03	27	19/02/2020	10:46:45
Mixed/nonconventional	195	190	225	220	32.17	0.69	0	-202.58	-1.749	179.272	1000	3	0	399	71	2.2	Probo2	1	11.56	12.03	27	19/02/2020	10:46:51
Mixed/nonconventional	195	190	220	215	32.76	0.66	0	460.12	-3.116	179.272	1000	3	0	399	71	2.2	Probo2	2	11.56	12.03	27	19/02/2020	10:46:51
Mixed/nonconventional	195	190	215	210	33.84	0.64	0	-597.27	-6.436	179.272	1000	3	0	399	71	2.2	Probo2	3	11.56	12.03	27	19/02/2020	10:46:51
Mixed/nonconventional	195	190	210	205	43.29	0.37	0	417.85	-20.587	179.272	1000	3	0	399	71	2.2	Probo2	4	11.56	12.03	27	19/02/2020	10:46:51
Mixed/nonconventional	195	190	205	200	32.77	0.25	0	-8.62	-62.333	179.272	1000	3	0	399	71	2.2	Probo2	5	11.56	12.03	27	19/02/2020	10:46:51
Mixed/nonconventional	190	120	150	160	85.64	0.03	0	-20.08	-153.952	677.723	1000	3	0	270	183	0.4	Probo2	1	9.3	12.03	27.5	19/02/2020	10:46:57
Mixed/nonconventional	190	145	165	170	58	0	0	189.15	-124.413	673.942	1000	3	0	270	182	0.4	Probo2	1	9.24	12.03	27	19/02/2020	10:47:03
Mixed/nonconventional	190	155	170	175	46.97	0.05	0	-307.68	-167.83	673.566	1000	3	0	268	180	0.4	Probo2	1	9.21	12.03	27.5	19/02/2020	10:47:09
Mixed/nonconventional	190	165	175	180	46.87	0.03	0	411.6	-202.029	406.275	1000	3	0	188	76	0.5	Probo2	1	11.47	12.03	27.5	19/02/2020	10:47:15
Mixed/nonconventional	190	175	180	185	38.55	0.09	0	9.1	-201.049	163.863	1000	3	0	66	11	0.4	Probo2	1	12.4	12.05	27.5	19/02/2020	10:47:21
Mixed/nonconventional	190	180	220	230	44.91	0.08	0	211.95	14.447	606.416	1000	3	0	295	179	0.5	Probo2	1	9.36	12.03	27.5	19/02/2020	10:47:27
Mixed/nonconventional	190	185	215	210	38.95	0.15	0	-565.02	-12.794	619.079	1000	3	0	288	178	0.5	Probo2	1	9.27	12.03	27.5	19/02/2020	10:47:33
Mixed/nonconventional	190	185	210	205	46.84	0.09	0	415.79	-30.766	619.079	1000	3	0	288	178	0.5	Probo2	2	9.27	12.03	27.5	19/02/2020	10:47:33
Mixed/nonconventional	190	185	205	200	40.42	0.03	0	38.73	-66.377	619.079	1000	3	0	288	178	0.5	Probo2	3	9.27	12.03	27.5	19/02/2020	10:47:33
Mixed/nonconventional	190	185	200	195	27.43	0.11	0	-2.1	-180.178	619.079	1000	3	0	288	178	0.5	Probo2	4	9.27	12.03	27.5	19/02/2020	10:47:33
Mixed/nonconventional	185	130	155	160	76.08	0	0	-33.27	-117.827	729.799	1000	3	0	248	181	0.3	Probo2	1	9.09	12.03	27.5	19/02/2020	10:47:39
Mixed/nonconventional	185	140	160	165	69.44	0.03	0	-74.39	-182.154	824.118	1000	3	0	223	183	0.3	Probo2	1	9	12.03	27.5	19/02/2020	10:47:45
Mixed/nonconventional	185	150	165	170	52.33	0.03	0	-5.13	-200.483	722.116	1000	3	0	240	173	0.3	Probo2	1	9.36	12.05	27.5	19/02/2020	10:47:50
Mixed/nonconventional	185	160	170	175	45	0.03	0	-122.54	-202.022	423.103	1000	3	0	134	57	0.3	Probo2	1	11.74	12.05	28	19/02/2020	10:47:56
Mixed/nonconventional	185	170	175	180	43.11	0.08	0	369.03	-194.051	141.411	1000	3	0	47	7	0.3	Probo2	1	12.43	12.05	27.5	19/02/2020	10:48:02
Mixed/nonconventional	185	175	215	225	43.42	0.03	0	-256.65	17.59	763.622	1000	3	0	241	184	0.3	Probo2	1	9.12	12.03	27.5	19/02/2020	10:48:08
Mixed/nonconventional	185	180	215	210	37.66	0.03	0	-549.88	-7.51	657.769	1000	3	0	272	179	0.4	Probo2	1	9.15	12.03	28	19/02/2020	10:48:14
Mixed/nonconventional	185	180	210	205	42.7	0.1	0	411.88	-14.9	657.769	1000	3	0	272	179	0.4	Probo2	2	9.15	12.03	28	19/02/2020	10:48:14
Mixed/nonconventional	185	180	205	200	36.79	0.04	0	53.4	-25.677	657.769	1000	3	0	272	179	0.4	Probo2	3	9.15	12.03	28	19/02/2020	10:48:14
Mixed/nonconventional	185	180	200	195	28.57	0.06	0	18.89	-49.847	657.769	1000	3	0	272	179	0.4	Probo2	4	9.15	12.03	28	19/02/2020	10:48:14
Mixed/nonconventional	185	180	195	190	27.55	0.07	0	-200.63	-192.305	657.769	1000	3	0	272	179	0.4	Probo2	5	9.15	12.03	28	19/02/2020	10:48:14
Mixed/nonconventional	180	135	155	160	67.03	0.03	0	98.61	-156.823	735.046	1000	3	0	244	180	0.3	Probo2	1	9.03	12.05	28	19/02/2020	10:48:20
Mixed/nonconventional	180	145	160	165	60.87	0.05	0	-246.48	-202.82	628.047	1000	3	0	212	133	0.3	Probo2	1	10.43	12.03	28	19/02/2020	10:48:26
Mixed/nonconventional	180	155	165	170	47.44	0.03	0	189.84	-201.93	401.172	1000	3	0	137	55	0.3	Probo2	1	11.77	12.03	28	19/02/2020	10:48:32
Mixed/nonconventional	180	165	170	175	40.8	0	0	-64.52	-198.735	153.01	1000	3	0	64	10	0.4	Probo2	1	12.4	12.05	28	19/02/2020	10:48:38
Mixed/nonconventional	180	170	230	220	51.04	0	0	-225	-10.099	746.031	1000	3	0	246	184	0.3	Probo2	1	9.15	12.03	28	19/02/2020	10:48:44
Mixed/nonconventional	180	170	220	210	44.25	0.03	0	-80.31	-17.512	746.031	1000	3	0	246	184	0.3	Probo2	2	9.15	12.03	28	19/02/2020	10:48:44
Mixed/nonconventional	180	175	205	200	39.83	0.03	0	59.98	-15.751	745.382	1000	3	0	244	182	0.3	Probo2	1	9.06	12.05	28	19/02/2020	10:48:50
Mixed/nonconventional	180	175	200	195	31.73	0.06	0	24.75	-25.093	745.382	1000	3	0	244	182	0.3	Probo2	2	9.06	12.05	28	19/02/2020	10:48:50
Mixed/nonconventional	180	175	195	190	34.04	0.05	0	-150.41	-67.3	745.382	1000	3	0	244	182	0.3	Probo2	3	9.06	12.05	28	19/02/2020	10:48:50
Mixed/nonconventional	180	175	190	185	34.7	0	0	21.3	-274.432	745.382	1000	3	0	244	182	0.3	Probo2	4	9.06	12.05	28	19/02/2020	10:48:50
Mixed/nonconventional	175	120	145	150	68.47	0.05	0	191.84	-129.146	888.774	1000	3	0	206	183	0.2	Probo2	1	8.85	12.03	28	19/02/2020	10:48:56
Mixed/nonconventional	175	130	150	155	62.36	0.03	0	-12.32	-166.956	841.129	1000	3	0	216	182	0.3	Probo2	1	8.85	12.05	28	19/02/2020	10:49:01
Mixed/nonconventional	175	140	155	160	58.41	0.03	0	-7.62	-195.822	631.982	1000	3	0	119	75	0.2	Probo2	1	11.47	12.03	28.5	19/02/2020	10:49:07
Mixed/nonconventional	175	150	160	165	52.48	0	0	-130.32	-199.38	358.057	1000	3	0	91	33	0.3	Probo2	1	12.1	12.05	28.5	19/02/2020	10:49:13
Mixed/nonconventional	175	160	165	170	41.06	0	0	156.21	-190.303	145.619	1000	3	0	36	5	0.2	Probo2	1	12.46	12.05	28.5	19/02/2020	10:49:19
Mixed/nonconventional	175	165	205	215	51.29	0.08	0	131.58	21.049	773.512	1000	3	0	238	184	0.3	Probo2	1	9.12	12.05	28.5	19/02/2020	10:49:25
Mixed/nonconventional	175	170	205	200	42.69	0.07	0	64.17	-11.491	887.952	1000	3	0	208	184	0.2	Probo2	1	8.88	12.03	28.5	19/02/2020	10:49:31
Mixed/nonconventional	175	170	200	195	34.08	0.07	0	26.8	-16.052	887.952	1000	3	0	208	184	0.2	Probo2	2	8.88	12.03	28.5	19/02/2020	10:49:31
Mixed/nonconventional	175	170	195	190	37.51	0.08	0	-126.32	-35.338	887.952	1000	3	0	208	184	0.2	Probo2	3	8.88	12.03	28.5	19/02/2020	10:49:31
Mixed/nonconventional	175	170	190	185	47.48	0.05	0	61.42	-111.838	887.952	1000	3	0	208	184	0.2	Probo2	4	8.88	12.03	28.5	19/02/2020	10:49:31
Mixed/nonconventional	175	170	185	180	39.23	0.08	0	-29.81	-369.627	887.952	1000	3	0	208	184	0.2	Probo2	5	8.88	12.03	28.5	19/02/2020	10:49:31
Mixed/nonconventional	170	125	145	150	58.45	0.07	0	437.23	-156.613	841.781	1000	3	0	216	182	0.3	Probo2	1	8.91	12.03	28.5	19/02/2020	10:49:37
Mixed/nonconventional	170	135	150	155	53.13	0.04	0	-97.76	-202.601	718.812	1000	3	0	169	122	0.2	Probo2	1	10.67	12.05	28.5	19/02/2020	10:49:43
Mixed/nonconventional	170	145	155	160	48.73	0.03	0	90.39	-197.927	382.837	1000	3	0	93	36	0.2	Probo2	1	12.04	12.03	29	19/02/2020	10:49:49
Mixed/nonconventional	170	155	160	165	40.24	0	0	-57.01	-191.371	149.389	1000	3	0	38	6	0.3	Probo2	1	12.46	12.05	29	19/02/2020	10:49:55
Mixed/nonconventional	170	160	230	220	68.95	0.14	0	-237.66	-9.354	894.979	1000	3	0	208	186	0.2	Probo2	1	8.97	12.03	29	19/02/2020	10:50:01
Mixed/nonconventional	170	160	220	210	60.42	0.14	0	-72.73	-14.344	894.979	1000	3	0	208	186	0.2	Probo2	2	8.97	12.03	29	19/02/2020	10:50:01
Mixed/nonconventional	170	160	210	200	59.72	0.07	0	471.66	-28.356	894.979	1000	3	0	208	186	0.2	Probo2	3	8.97	12.03	29	19/02/2020	10:50:01
Mixed/nonconventional	170	165	195	190	42.41	0	0	-114.29	-17.39	772.85	1000	3	0	236	182	0.3	Probo2	1	9.03	12.03	29	19/02/2020	10:50:07
Mixed/nonconventional	170	165	190	185	53.97	0.05	0	72.02	-44.257	772.85	1000	3	0	236	182	0.3	Probo2	2	9.03	12.03	29	19/02/2020	10:50:07
Mixed/nonconventional	170	165	185	180	55.17	0.06	0	4.88	-113.1	772.85	1000	3	0	236	182	0.3	Probo2	3	9.03	12.03	29	19/02/2020	10:50:07
Mixed/nonconventional	170	165	180	175	47.09	0.03	0	-346.4	-386.187	772.85	1000	3	0	236	182	0.3	Probo2	4	9.03	12.03	29	19/02/2020	10:50:07
Mixed/nonconventional	165	120	140	145	57.09	0.05	0	444.48	-140.847	775.021	1000	3	0	233	181	0.3	Probo2	1	9	12.03	28.5	19/02/2020	10:50:13
Mixed/nonconventional	165	130	145	150	50.55	0	0	189.72	-195.539	729.177	1000	3	0	239	174	0.3	Probo2	1	9.3	12.03	29	19/02/2020	10:50:18
Mixed/nonconventional	165	140	150	155	44.91	0.03	0	5.89	-196.566	412.51	1000	3	0	108	44	0.3	Probo2	1	11.92	12.03	29	19/02/2020	10:50:24
Mixed/nonconventional	165	150	155	160	35.83	0.03	0	52.63	-195.962	171.8	1000	3	0	56	10	0.3	Probo2	1	12.4	12.05	29	19/02/2020	10:50:30
Mixed/nonconventional	165	155	195	205	56.36	0.15	0	-95.59	22.879	765.213	1000	3	0	239	183	0.3	Probo2	1	9.09	12.03	29	19/02/2020	10:50:36
Mixed/nonconventional	165	160	195	190	47.92	0.06	0	-105.75	-11.271	775.907	1000	3	0	234	182	0.3	Probo2	1	9	12.03	29	19/02/2020	10:50:42
Mixed/nonconventional	165	160	190	185	55.18	0.06	0	76.92	-22.714	775.907	1000	3	0	234	182	0.3	Probo2	2	9	12.03	29	19/02/2020	10:50:42
Mixed/nonconventional	165	160	185	180	52.24	0	0	15.62	-43.007	775.907	1000	3	0	234	182	0.3	Probo2	3	9	12.03	29	19/02/2020	10:50:42
Mixed/nonconventional	165	160	180	175	51.18	0.06	0	-361.03	-105.343	775.907	1000	3	0	234	182	0.3	Probo2	4	9	12.03	29	19/02/2020	10:50:42
Mixed/nonconventional	165	160	175	170	37.24	0.06	0	191.01	-306.594	775.907	1000	3	0	234	182	0.3	Probo2	5	9	12.03	29	19/02/2020	10:50:42
Mixed/nonconventional	160	125	140	145	49.83	0.05	0	16.28	-198.865	752.272	1000	3	0	193	145	0.3	Probo2	1	10.22	12.05	29.4	19/02/2020	10:50:48
Mixed/nonconventional	160	135	145	150	44.7	0.04	0	431.26	-199.037	419.647	1000	3	0	99	42	0.2	Probo2	1	11.95	12.05	29.4	19/02/2020	10:50:54
Mixed/nonconventional	160	145	150	155	36.15	0.03	0	-26.68	-192.357	167.189	1000	3	0	42	7	0.3	Probo2	1	12.43	12.05	29.4	19/02/2020	10:51:00
Mixed/nonconventional	160	150	220	210	71.02	0.07	0	-71.2	-9.338	867.482	1000	3	0	215	186	0.2	Probo2	1	9	12.03	29	19/02/2020	10:51:06
Mixed/nonconventional	160	150	210	200	71.52	0.16	0	473.59	-16.458	867.482	1000	3	0	215	186	0.2	Probo2	2	9	12.03	29	19/02/2020	10:51:06
Mixed/nonconventional	160	150	200	190	52	0.13	0	-74.29	-23.931	867.482	1000	3	0	215	186	0.2	Probo2	3	9	12.03	29	19/02/2020	10:51:06
Mixed/nonconventional	160	155	185	180	48.24	0.07	0	19.04	-22.444	876.926	1000	3	0	210	184	0.2	Probo2	1	8.88	12.03	29.4	19/02/2020	10:51:12
Mixed/nonconventional	160	155	180	175	44.34	0.06	0	-379.76	-41.26	876.926	1000	3	0	210	184	0.2	Probo2	2	8.88	12.03	29.4	19/02/2020	10:51:12
Mixed/nonconventional	160	155	175	170	37.64	0.1	0	250.66	-87.565	876.926	1000	3	0	210	184	0.2	Probo2	3	8.88	12.03	29.4	19/02/2020	10:51:12
Mixed/nonconventional	160	155	170	165	28.11	0.1	0	-149.89	-261.594	876.926	1000	3	0	210	184	0.2	Probo2	4	8.88	12.03	29.4	19/02/2020	10:51:12
Mixed/nonconventional	155	120	135	140	55.1	0.03	0	-600.09	-201.1	687.956	1000	3	0	164	113	0.2	Probo2	1	10.88	12.03	29.4	19/02/2020	10:51:18
Mixed/nonconventional	155	130	140	145	44.75	0.03	0	405.41	-201.755	424.921	1000	3	0	113	48	0.3	Probo2	1	11.89	12.05	29.4	19/02/2020	10:51:24
Mixed/nonconventional	155	140	215	230	78.9	0.08	0	-214.27	13.73	984.055	1000	3	0	190	187	0.2	Probo2	1	8.88	12.03	29.4	19/02/2020	10:51:29
Mixed/nonconventional	155	140	145	150	36.85	0.08	0	322.66	-188.017	160.273	1000	3	0	32	5	0.2	Probo2	1	12.43	12.03	29.4	19/02/2020	10:51:35
Mixed/nonconventional	155	145	185	195	57.54	0.08	0	14.81	26.526	869.028	1000	3	0	214	186	0.2	Probo2	1	8.97	12.03	29.9	19/02/2020	10:51:41
Mixed/nonconventional	155	150	185	180	48.49	0.06	0	21.24	-12.448	846.806	1000	3	0	217	184	0.3	Probo2	1	8.91	12.05	31.4	19/02/2020	10:51:47
Mixed/nonconventional	155	150	180	175	41.85	0.12	0	-398.73	-18.8	846.806	1000	3	0	217	184	0.3	Probo2	2	8.91	12.05	31.4	19/02/2020	10:51:47
Mixed/nonconventional	155	150	175	170	34.27	0.03	0	287.02	-30.795	846.806	1000	3	0	217	184	0.3	Probo2	3	8.91	12.05	31.4	19/02/2020	10:51:47
Mixed/nonconventional	155	150	170	165	29.75	0.05	0	-123.53	-66.824	846.806	1000	3	0	217	184	0.3	Probo2	4	8.91	12.05	31.4	19/02/2020	10:51:47
Mixed/nonconventional	155	150	165	160	30.23	0.08	0	103.23	-271.573	846.806	1000	3	0	217	184	0.3	Probo2	5	8.91	12.05	31.4	19/02/2020	10:51:47
Mixed/nonconventional	150	125	135	140	46.64	0.1	0	-61.32	-203.221	410.677	1000	3	0	112	46	0.3	Probo2	1	11.89	12.05	31.4	19/02/2020	10:51:53
Mixed/nonconventional	150	135	140	145	36.45	0.05	0	187.78	-194.369	167.537	1000	3	0	44	7	0.3	Probo2	1	12.43	12.05	31.4	19/02/2020	10:51:59
Mixed/nonconventional	150	140	210	200	78.4	0.2	0	475.28	-11.504	968.008	1000	3	0	195	188	0.2	Probo2	1	8.91	12.05	31.4	19/02/2020	10:52:05
Mixed/nonconventional	150	140	200	190	59.64	0.18	0	-65.82	-15.314	968.008	1000	3	0	195	188	0.2	Probo2	2	8.91	12.05	31.4	19/02/2020	10:52:05
Mixed/nonconventional	150	140	190	180	60.23	0.08	0	103.27	-30.933	968.008	1000	3	0	195	188	0.2	Probo2	3	8.91	12.05	31.4	19/02/2020	10:52:05
Mixed/nonconventional	150	145	175	170	36.74	0.09	0	303.09	-16.635	853.406	1000	3	0	217	185	0.3	Probo2	1	8.94	12.05	31.9	19/02/2020	10:52:11
Mixed/nonconventional	150	145	170	165	33.18	0.13	0	-123.35	-30.04	853.406	1000	3	0	217	185	0.3	Probo2	2	8.94	12.05	31.9	19/02/2020	10:52:11
Mixed/nonconventional	150	145	165	160	36.43	0.06	0	153.05	-82.477	853.406	1000	3	0	217	185	0.3	Probo2	3	8.94	12.05	31.9	19/02/2020	10:52:11
Mixed/nonconventional	150	145	160	155	30.14	0.06	0	-116.08	-272.877	853.406	1000	3	0	217	185	0.3	Probo2	4	8.94	12.05	31.9	19/02/2020	10:52:11
Mixed/nonconventional	145	120	130	135	46.01	0.04	0	6.38	-196.344	402.222	1000	3	0	95	38	0.2	Probo2	1	11.98	12.05	31.4	19/02/2020	10:52:17
Mixed/nonconventional	145	130	235	220	98.81	0.07	0	-268.7	-8.437	844.99	1000	3	0	218	185	0.3	Probo2	1	8.97	12.05	31.4	19/02/2020	10:52:23
Mixed/nonconventional	145	130	220	205	89.35	0.05	0	331.48	-13.352	844.99	1000	3	0	218	185	0.3	Probo2	2	8.97	12.05	31.4	19/02/2020	10:52:23
Mixed/nonconventional	145	130	135	140	38.05	0.08	0	-64.57	-193.12	159.465	1000	3	0	43	7	0.3	Probo2	1	12.43	12.05	31.4	19/02/2020	10:52:29
Mixed/nonconventional	145	135	175	185	60.13	0.05	0	397.88	28.282	886.564	1000	3	0	209	185	0.2	Probo2	1	8.94	12.05	31.9	19/02/2020	10:52:35
Mixed/nonconventional	145	140	175	170	41.68	0.4	0	317.52	-12.574	995.233	1000	3	0	186	186	0.2	Probo2	1	8.79	12.05	31.4	19/02/2020	10:52:41
Mixed/nonconventional	145	140	170	165	37.65	0.13	0	-127.11	-19.88	995.233	1000	3	0	186	186	0.2	Probo2	2	8.79	12.05	31.4	19/02/2020	10:52:41
Mixed/nonconventional	145	140	165	160	42.64	0.03	0	188.85	-45.026	995.233	1000	3	0	186	186	0.2	Probo2	3	8.79	12.05	31.4	19/02/2020	10:52:41
Mixed/nonconventional	145	140	160	155	40.53	0.06	0	-90.44	-106.986	995.233	1000	3	0	186	186	0.2	Probo2	4	8.79	12.05	31.4	19/02/2020	10:52:41
Mixed/nonconventional	145	140	155	150	32.6	0.04	0	54.62	-344.263	995.233	1000	3	0	186	186	0.2	Probo2	5	8.79	12.05	31.4	19/02/2020	10:52:41
Mixed/nonconventional	140	125	130	135	34.97	0.13	0	-35.35	-186.831	167.858	1000	3	0	36	6	0.2	Probo2	1	12.4	12.03	31.9	19/02/2020	10:52:47
Mixed/nonconventional	140	130	200	190	77.87	0.09	0	-61.94	-11.271	954.972	1000	3	0	194	185	0.2	Probo2	1	8.85	12.05	31.9	19/02/2020	10:52:53
Mixed/nonconventional	140	130	190	180	81.64	0.11	0	102.92	-20.681	954.972	1000	3	0	194	185	0.2	Probo2	2	8.85	12.05	31.9	19/02/2020	10:52:53
Mixed/nonconventional	140	130	180	170	58.72	0.04	0	-104.42	-29.75	954.972	1000	3	0	194	185	0.2	Probo2	3	8.85	12.05	31.9	19/02/2020	10:52:53
Mixed/nonconventional	140	135	165	160	49.75	0.05	0	204.25	-26.696	1011.466	1000	3	0	183	185	0.2	Probo2	1	8.73	12.05	31.9	19/02/2020	10:52:59
Mixed/nonconventional	140	135	160	155	46.27	0.07	0	-83.57	-49.652	1011.466	1000	3	0	183	185	0.2	Probo2	2	8.73	12.05	31.9	19/02/2020	10:52:59
Mixed/nonconventional	140	135	155	150	42.75	0.04	0	86.99	-114.694	1011.466	1000	3	0	183	185	0.2	Probo2	3	8.73	12.05	31.9	19/02/2020	10:52:59
Mixed/nonconventional	140	135	150	145	35.17	0.09	0	-744.23	-377.426	1011.466	1000	3	0	183	185	0.2	Probo2	4	8.73	12.05	31.9	19/02/2020	10:52:59
Mixed/nonconventional	135	120	225	210	101.98	0.13	0	-285.52	-9.23	895.701	1000	3	0	201	180	0.2	Probo2	1	8.64	12.05	31.9	19/02/2020	10:53:05
Mixed/nonconventional	135	120	210	195	100.89	0.19	0	499.64	-15.98	895.701	1000	3	0	201	180	0.2	Probo2	2	8.64	12.05	31.9	19/02/2020	10:53:05
Mixed/nonconventional	135	120	125	130	38.96	0.06	0	32.42	-192.156	154.963	1000	3	0	36	6	0.2	Probo2	1	12.4	12.05	31.9	19/02/2020	10:53:11
Mixed/nonconventional	135	125	165	175	57.98	0.07	0	-197.77	26.238	853.057	1000	3	0	215	184	0.3	Probo2	1	8.91	12.05	31.9	19/02/2020	10:53:17
Mixed/nonconventional	135	130	165	160	54.96	0.06	0	221.26	-14.246	855.065	1000	3	0	213	182	0.2	Probo2	1	8.85	12.05	31.9	19/02/2020	10:53:23
Mixed/nonconventional	135	130	160	155	48.89	0.03	0	-75.33	-22.179	855.065	1000	3	0	213	182	0.2	Probo2	2	8.85	12.05	31.9	19/02/2020	10:53:23
Mixed/nonconventional	135	130	155	150	43.81	0.03	0	104.19	-39.742	855.065	1000	3	0	213	182	0.2	Probo2	3	8.85	12.05	31.9	19/02/2020	10:53:23
Mixed/nonconventional	135	130	150	145	40.98	0.04	0	-591.42	-92.943	855.065	1000	3	0	213	182	0.2	Probo2	4	8.85	12.05	31.9	19/02/2020	10:53:23
Mixed/nonconventional	135	130	145	140	31.45	0.09	0	-64.32	-285.292	855.065	1000	3	0	213	182	0.2	Probo2	5	8.85	12.05	31.9	19/02/2020	10:53:23
Mixed/nonconventional	130	120	190	180	98.88	0.03	0	103	-12.867	858.471	1000	3	0	210	180	0.2	Probo2	1	8.79	12.05	31.9	19/02/2020	10:53:29
Mixed/nonconventional	130	120	180	170	73.65	0.08	0	-104.65	-16.771	858.471	1000	3	0	210	180	0.2	Probo2	2	8.79	12.05	31.9	19/02/2020	10:53:29
Mixed/nonconventional	130	120	170	160	63.85	0.06	0	91.12	-29.081	858.471	1000	3	0	210	180	0.2	Probo2	3	8.79	12.05	31.9	19/02/2020	10:53:29
Mixed/nonconventional	130	125	155	150	47.62	0.07	0	107.73	-20.536	812.81	1000	3	0	218	178	0.3	Probo2	1	8.64	12.05	31.9	19/02/2020	10:53:35
Mixed/nonconventional	130	125	150	145	43.17	0.08	0	-567.56	-37.227	812.81	1000	3	0	218	178	0.3	Probo2	2	8.64	12.05	31.9	19/02/2020	10:53:35
Mixed/nonconventional	130	125	145	140	37.85	0.07	0	11.46	-81.601	812.81	1000	3	0	218	178	0.3	Probo2	3	8.64	12.05	31.9	19/02/2020	10:53:35
Mixed/nonconventional	130	125	140	135	31.6	0.06	0	317.82	-272.504	812.81	1000	3	0	218	178	0.3	Probo2	4	8.64	12.05	31.9	19/02/2020	10:53:35
Mixed/nonconventional	125	120	155	150	46.46	100.67	0	110.08	-6.017	427.196	1000	6	0	0	0	0	Probo2	1	12.07	12.05	31.9	19/02/2020	10:53:45
Mixed/nonconventional	125	120	150	145	39.92	16.9	0	-557.58	-9.046	427.196	1000	6	0	0	0	0	Probo2	2	12.07	12.05	31.9	19/02/2020	10:53:45
Mixed/nonconventional	125	120	145	140	34.78	62.54	0	33.48	-15.766	427.196	1000	6	0	0	0	0	Probo2	3	12.07	12.05	31.9	19/02/2020	10:53:45
Mixed/nonconventional	125	120	140	135	33.11	50.12	0	339.16	-37.515	427.196	1000	6	0	0	0	0	Probo2	4	12.07	12.05	31.9	19/02/2020	10:53:45
Mixed/nonconventional	125	120	135	130	27.14	220.67	0	-8.55	-122.999	427.196	1000	6	0	0	0	0	Probo2	5	12.07	12.05	31.9	19/02/2020	10:53:45
