El-array	Spa.1	Spa.2	Spa.3	Spa.4	Rho	Dev.	M	Sp	Vp	In	Time	Stack	Rs-Check	Vab	Pab	Rab	Name	Channel	Tx-Bat	Rx-Bat	Temp.	Date	
Mixed/nonconventional	0	25	175	200	104.31	0.24	0	-348.53	-3.554	899.19	1000	3	0	221	199	0.2	Proco2	1	9.54	12.03	28.5	19/02/2020	12:19:32
Mixed/nonconventional	10	35	185	210	92.09	0.03	0	58.8	-2.938	841.838	1000	3	0	232	195	0.3	Proco2	1	9.45	12.01	28	19/02/2020	12:19:38
Mixed/nonconventional	20	40	160	180	105.83	0.52	0	172.59	-5.064	1010.185	1000	3	0	195	197	0.2	Proco2	1	9.3	12.01	28.5	19/02/2020	12:19:44
Mixed/nonconventional	20	45	195	220	87.37	0.37	0	49.58	-2.82	851.813	1000	3	0	227	193	0.3	Proco2	1	9.33	12.01	28.5	19/02/2020	12:19:50
Mixed/nonconventional	70	85	175	190	61.48	0.88	0	16.15	-1.408	362.761	1000	3	0	398	144	1.1	Proco2	1	10.28	12.01	28	19/02/2020	12:19:55
Mixed/nonconventional	30	50	170	190	102.01	0.13	0	150.03	-4.166	862.139	1000	3	0	223	192	0.3	Proco2	1	9.3	12.01	28.5	19/02/2020	12:20:01
Mixed/nonconventional	30	55	205	230	86.55	0.05	0	232.54	-2.809	856.458	1000	3	0	224	192	0.3	Proco2	1	9.24	12.03	28.5	19/02/2020	12:20:07
Mixed/nonconventional	30	225	120	135	129.17	0.06	0	-678.26	43.656	668.895	1000	3	0	275	184	0.4	Proco2	1	9.39	12.01	28.5	19/02/2020	12:20:13
Mixed/nonconventional	40	60	200	180	86.61	0.13	0	412.87	3.067	747.604	1000	3	0	249	186	0.3	Proco2	1	9.27	12.01	28.5	19/02/2020	12:20:19
Mixed/nonconventional	40	60	180	160	94.63	0.13	0	-173.86	5.362	747.604	1000	3	0	249	186	0.3	Proco2	2	9.27	12.01	28.5	19/02/2020	12:20:19
Mixed/nonconventional	40	235	130	145	129.74	0.06	0	166.68	33.107	505.062	1000	3	0	341	172	0.7	Proco2	1	9.57	12.03	28.5	19/02/2020	12:20:25
Mixed/nonconventional	50	70	210	190	80.06	0.57	0	-49.64	2.614	689.187	1000	3	0	263	181	0.4	Proco2	1	9.3	12.03	28.5	19/02/2020	12:20:31
Mixed/nonconventional	50	70	190	170	86	0.32	0	-152.25	4.492	689.187	1000	3	0	263	181	0.4	Proco2	2	9.3	12.03	28.5	19/02/2020	12:20:31
Mixed/nonconventional	50	215	125	140	121.56	0	0	-15.18	63.56	739.175	1000	3	0	251	185	0.3	Proco2	1	9.24	12.01	28.5	19/02/2020	12:20:37
Mixed/nonconventional	60	75	165	180	75.12	0.57	0	-74.53	-0.806	169.887	1000	6	0	399	68	2.3	Proco2	1	11.44	12.01	28.5	19/02/2020	12:20:46
Mixed/nonconventional	60	80	220	200	66.73	0.79	0	-119.66	1.768	559.221	1000	3	0	316	177	0.6	Proco2	1	9.48	12.01	28.5	19/02/2020	12:20:52
Mixed/nonconventional	60	80	200	180	70.59	0.54	0	413.45	2.992	559.221	1000	3	0	316	177	0.6	Proco2	2	9.48	12.01	28.5	19/02/2020	12:20:52
Mixed/nonconventional	60	225	135	150	116.55	0.09	0	474.57	50.306	610.188	1000	3	0	296	181	0.5	Proco2	1	9.39	12.01	28.5	19/02/2020	12:20:58
Mixed/nonconventional	60	190	120	130	111.05	0.08	0	-336.64	55.991	665.247	1000	3	0	275	183	0.4	Proco2	1	9.3	12.01	28.5	19/02/2020	12:21:03
Mixed/nonconventional	70	90	230	210	65.65	1.37	0	-73.54	1.633	524.982	1000	6	0	329	172	0.6	Proco2	1	9.45	12.01	28.5	19/02/2020	12:21:13
Mixed/nonconventional	70	90	210	190	118.55	161.66	0	616.38	4.717	524.982	1000	6	0	329	172	0.6	Proco2	2	9.45	12.01	28.5	19/02/2020	12:21:13
Mixed/nonconventional	70	235	145	160	95.28	0.07	0	-213.11	30.537	453.082	1000	3	0	366	166	0.8	Proco2	1	9.63	12.01	28	19/02/2020	12:21:19
Mixed/nonconventional	70	200	130	140	104.5	0.06	0	208.41	48.691	614.823	1000	3	0	292	179	0.5	Proco2	1	9.33	12.03	28.5	19/02/2020	12:21:25
Mixed/nonconventional	70	180	120	130	101.2	0.06	0	-338.35	67.017	624.129	1000	3	0	288	180	0.5	Proco2	1	9.3	12.03	28.5	19/02/2020	12:21:31
Mixed/nonconventional	80	95	200	185	74.07	84.85	0	-561.85	1.051	224.683	1000	6	0	398	89	1.8	Proco2	1	11.06	12.01	28.5	19/02/2020	12:21:41
Mixed/nonconventional	80	95	185	170	73.88	1.67	0	-146.87	1.677	224.683	1000	6	0	398	89	1.8	Proco2	2	11.06	12.01	28.5	19/02/2020	12:21:41
Mixed/nonconventional	80	100	200	220	76.03	4.53	0	-658.89	-3.406	591.185	1000	6	0	300	177	0.5	Proco2	1	9.36	12.01	28.5	19/02/2020	12:21:51
Mixed/nonconventional	80	210	140	150	92.98	0.14	0	-74.55	38.875	551.666	1000	3	0	316	174	0.6	Proco2	1	9.39	12.01	28.5	19/02/2020	12:21:57
Mixed/nonconventional	80	190	130	140	93.06	0.14	0	209.63	55.972	566.853	1000	3	0	309	175	0.5	Proco2	1	9.36	12.01	28.5	19/02/2020	12:22:02
Mixed/nonconventional	90	105	210	195	63.25	15.39	0	-848.7	2.264	566.886	1000	6	0	308	174	0.5	Proco2	1	9.36	12.01	29	19/02/2020	12:22:12
Mixed/nonconventional	90	105	195	180	71.16	0.83	0	694.26	4.076	566.886	1000	6	0	308	174	0.5	Proco2	2	9.36	12.01	29	19/02/2020	12:22:12
Mixed/nonconventional	90	105	180	165	72.79	0.72	0	-276.3	7.297	566.886	1000	6	0	308	174	0.5	Proco2	3	9.36	12.01	29	19/02/2020	12:22:12
Mixed/nonconventional	90	110	210	230	69.92	2.14	0	-364.68	-3.048	575.151	1000	6	0	305	175	0.5	Proco2	1	9.3	12.01	29	19/02/2020	12:22:22
Mixed/nonconventional	90	220	150	160	81.07	0.04	0	-180.32	31.091	506.008	1000	3	0	336	170	0.7	Proco2	1	9.42	12.01	29	19/02/2020	12:22:28
Mixed/nonconventional	90	200	140	150	84.94	0.03	0	-72.36	50.563	561.022	1000	3	0	311	174	0.6	Proco2	1	9.33	12.03	28.5	19/02/2020	12:22:34
Mixed/nonconventional	90	180	130	140	83.5	0.06	0	210.79	75.493	568.042	1000	3	0	308	175	0.5	Proco2	1	9.3	12.01	29	19/02/2020	12:22:40
Mixed/nonconventional	100	115	220	205	64.55	4.3	0	-598.54	2.89	708.951	1000	6	0	254	180	0.4	Proco2	1	9.15	12.01	29	19/02/2020	12:22:50
Mixed/nonconventional	100	115	205	190	63.44	0.52	0	571.47	4.545	708.951	1000	6	0	254	180	0.4	Proco2	2	9.15	12.01	29	19/02/2020	12:22:50
Mixed/nonconventional	100	115	190	175	66.4	0.14	0	-482.35	8.325	708.951	1000	6	0	254	180	0.4	Proco2	3	9.15	12.01	29	19/02/2020	12:22:50
Mixed/nonconventional	100	230	160	170	67.97	0.09	0	-31.91	30.17	585.688	1000	3	0	298	175	0.5	Proco2	1	9.27	12.01	29	19/02/2020	12:22:56
Mixed/nonconventional	100	210	150	160	74.91	0.05	0	-182.2	54.653	687.615	1000	3	0	262	180	0.4	Proco2	1	9.12	12.01	29	19/02/2020	12:23:02
Mixed/nonconventional	100	190	140	150	76.19	0.07	0	-70.67	86.462	713.073	1000	3	0	254	181	0.4	Proco2	1	9.09	12.01	29	19/02/2020	12:23:07
Mixed/nonconventional	110	220	160	170	62.3	0.07	0	-32.43	39.018	590.26	1000	3	0	295	174	0.5	Proco2	1	9.24	12.03	29	19/02/2020	12:23:13
Mixed/nonconventional	110	200	150	160	66.9	0.05	0	-183.43	71.451	671.083	1000	3	0	267	179	0.4	Proco2	1	9.15	12.03	29	19/02/2020	12:23:19
Mixed/nonconventional	110	180	140	150	65.48	0.04	0	-69.86	117.996	679.357	1000	3	0	264	180	0.4	Proco2	1	9.12	12.03	29	19/02/2020	12:23:25
Mixed/nonconventional	0	195	90	105	110.36	0.14	0	959.31	40.235	721.599	1000	3	0	250	180	0.3	Proco2	1	9.09	12.03	29	19/02/2020	12:23:31
Mixed/nonconventional	10	205	100	115	111.99	0.57	0	987.46	39.586	699.614	1000	3	0	256	179	0.4	Proco2	1	9.09	12.03	29	19/02/2020	12:23:37
Mixed/nonconventional	20	185	95	110	101.5	0.54	0	-892.26	59.297	825.939	1000	3	0	222	184	0.3	Proco2	1	9	12.01	29	19/02/2020	12:23:43
Mixed/nonconventional	20	215	110	125	136.32	0.33	0	621.11	54.262	787.84	1000	3	0	233	183	0.3	Proco2	1	8.97	12.03	29	19/02/2020	12:23:49
Mixed/nonconventional	30	195	105	120	115.03	0.03	0	-71.84	57.16	702.472	1000	3	0	255	179	0.4	Proco2	1	9.09	12.03	29	19/02/2020	12:23:55
Mixed/nonconventional	40	205	115	130	130.05	0.03	0	-465.83	66.979	728.128	1000	3	0	247	180	0.3	Proco2	1	9.06	12.03	29	19/02/2020	12:24:00
Mixed/nonconventional	50	180	110	120	109.83	0.12	0	605.03	62.269	748.053	1000	3	0	241	180	0.3	Proco2	1	9.03	12.01	29.4	19/02/2020	12:24:06
Mixed/nonconventional	110	125	230	215	72.07	1.87	0	145.43	3.387	744.199	1000	6	0	242	180	0.3	Proco2	1	9.03	12.01	29	19/02/2020	12:24:16
Mixed/nonconventional	110	125	215	200	70.03	0.92	0	-86.88	5.266	744.199	1000	6	0	242	180	0.3	Proco2	2	9.03	12.01	29	19/02/2020	12:24:16
Mixed/nonconventional	110	125	200	185	69.04	0.45	0	39.86	9.086	744.199	1000	6	0	242	180	0.3	Proco2	3	9.03	12.01	29	19/02/2020	12:24:16
Mixed/nonconventional	235	180	205	210	32.4	0.28	0	-98.03	-32.478	472.448	1000	3	0	352	166	0.7	Proco2	1	9.42	12.01	29	19/02/2020	12:24:22
Mixed/nonconventional	235	190	210	215	30.18	0.1	0	55.65	-45.755	476.343	1000	3	0	350	167	0.7	Proco2	1	9.42	12.01	29	19/02/2020	12:24:28
Mixed/nonconventional	235	200	215	220	28.55	0.07	0	-74.81	-71.719	473.44	1000	3	0	352	166	0.7	Proco2	1	9.42	12.01	29	19/02/2020	12:24:34
Mixed/nonconventional	235	210	220	225	28.22	0.03	0	-31.33	-141.088	471.238	1000	3	0	352	166	0.7	Proco2	1	9.45	12.01	29	19/02/2020	12:24:40
Mixed/nonconventional	235	220	225	230	27.55	0.04	0	-3.66	-196.856	224.503	1000	3	0	188	42	0.8	Proco2	1	11.83	12.01	29.4	19/02/2020	12:24:46
Mixed/nonconventional	230	120	170	180	63.32	0.06	0	693.78	-37.369	556.214	1000	3	0	310	172	0.6	Proco2	1	9.33	12.01	29.4	19/02/2020	12:24:52
Mixed/nonconventional	230	140	180	190	50.49	0.07	0	21.9	-47.832	595.275	1000	3	0	294	175	0.5	Proco2	1	9.24	12.01	29.4	19/02/2020	12:24:58
Mixed/nonconventional	230	160	190	200	39.79	0.04	0	-12.47	-56.209	532.618	1000	3	0	320	171	0.6	Proco2	1	9.33	12.01	29.4	19/02/2020	12:25:03
Mixed/nonconventional	230	185	205	210	30.32	0.05	0	75.93	-55.297	573.032	1000	3	0	303	173	0.5	Proco2	1	9.27	12.03	29.4	19/02/2020	12:25:09
Mixed/nonconventional	230	195	210	215	29.2	0.07	0	-57.83	-86.195	556.337	1000	3	0	309	172	0.6	Proco2	1	9.27	12.01	29.4	19/02/2020	12:25:15
Mixed/nonconventional	230	205	215	220	28.36	0.04	0	40.68	-168.981	561.485	1000	3	0	307	172	0.5	Proco2	1	9.3	12.01	29.4	19/02/2020	12:25:21
Mixed/nonconventional	230	215	220	225	31.78	0.06	0	-99.43	-199.247	196.949	1000	3	0	109	21	0.6	Proco2	1	12.1	12.01	29.4	19/02/2020	12:25:27
Mixed/nonconventional	225	170	195	200	33.17	0.54	0	-126.09	-39.863	566.247	1000	3	0	306	173	0.5	Proco2	1	9.33	12.01	29.4	19/02/2020	12:25:33
Mixed/nonconventional	225	180	200	205	30.37	0.14	0	127.94	-59.154	611.855	1000	3	0	286	175	0.5	Proco2	1	9.24	12.01	29.4	19/02/2020	12:25:39
Mixed/nonconventional	225	190	205	210	28.84	0.08	0	-90.41	-94.331	616.472	1000	3	0	285	175	0.5	Proco2	1	9.21	12.01	29.9	19/02/2020	12:25:45
Mixed/nonconventional	225	200	210	215	29.46	0.04	0	55.95	-188.624	603.343	1000	3	0	285	172	0.5	Proco2	1	9.3	12.01	29.9	19/02/2020	12:25:51
Mixed/nonconventional	225	210	215	220	31.11	0.05	0	-71.4	-198.754	200.686	1000	3	0	100	20	0.5	Proco2	1	12.13	12.03	29.9	19/02/2020	12:25:56
Mixed/nonconventional	225	220	230	235	31.22	0.05	0	-393.9	180.844	545.977	1000	3	0	313	171	0.6	Proco2	1	9.36	12.01	29.9	19/02/2020	12:26:02
Mixed/nonconventional	220	130	170	180	57.96	0.03	0	184.77	-56.316	610.523	1000	3	0	288	176	0.5	Proco2	1	9.24	12.01	29.9	19/02/2020	12:26:08
Mixed/nonconventional	220	150	180	190	43.12	0.05	0	47.8	-69.477	607.476	1000	3	0	289	176	0.5	Proco2	1	9.21	12.03	29.4	19/02/2020	12:26:14
Mixed/nonconventional	220	175	195	200	31.94	0.09	0	164.83	-58.332	573.667	1000	3	0	302	173	0.5	Proco2	1	9.27	12.03	29.9	19/02/2020	12:26:20
Mixed/nonconventional	220	185	200	205	30.42	0.06	0	-86.88	-95.403	591.193	1000	3	0	295	174	0.5	Proco2	1	9.24	12.01	29.9	19/02/2020	12:26:26
Mixed/nonconventional	220	195	205	210	30.85	0.06	0	8.79	-186.065	568.357	1000	3	0	301	171	0.5	Proco2	1	9.33	12.01	29.9	19/02/2020	12:26:32
Mixed/nonconventional	220	205	210	215	34.97	0.06	0	-17.97	-200.563	180.195	1000	3	0	96	17	0.5	Proco2	1	12.16	12.01	29.9	19/02/2020	12:26:38
Mixed/nonconventional	220	215	235	230	24.4	0.05	0	378.86	-37.455	578.739	1000	3	0	301	174	0.5	Proco2	1	9.27	12.03	29.9	19/02/2020	12:26:44
Mixed/nonconventional	220	215	230	225	29.5	0.03	0	-19.87	-181.12	578.739	1000	3	0	301	174	0.5	Proco2	2	9.27	12.03	29.9	19/02/2020	12:26:44
Mixed/nonconventional	215	160	185	190	35.92	0.11	0	-33.25	-45.937	602.565	1000	3	0	289	174	0.5	Proco2	1	9.21	12.01	30.4	19/02/2020	12:26:49
Mixed/nonconventional	215	170	190	195	35.75	0.03	0	26.71	-67.993	597.43	1000	3	0	291	174	0.5	Proco2	1	9.21	12.03	30.4	19/02/2020	12:26:55
Mixed/nonconventional	215	180	195	200	31.6	0.08	0	-62.79	-108.728	648.52	1000	3	0	272	177	0.4	Proco2	1	9.15	12.01	30.4	19/02/2020	12:27:01
Mixed/nonconventional	215	190	200	205	30.67	0.05	0	41.71	-202.175	621.348	1000	3	0	258	160	0.4	Proco2	1	9.6	12.01	29.9	19/02/2020	12:27:07
Mixed/nonconventional	215	200	205	210	35.61	0.07	0	-68.52	-196.652	173.482	1000	3	0	76	13	0.4	Proco2	1	12.22	12.01	30.4	19/02/2020	12:27:13
Mixed/nonconventional	215	210	235	230	23.36	0.18	0	369.44	-15.746	635.2	1000	3	0	278	176	0.4	Proco2	1	9.18	12.01	30.4	19/02/2020	12:27:19
Mixed/nonconventional	215	210	230	225	27.29	0.03	0	91.24	-45.974	635.2	1000	3	0	278	176	0.4	Proco2	2	9.18	12.01	30.4	19/02/2020	12:27:19
Mixed/nonconventional	215	210	225	220	35.91	0	0	-70.67	-242.034	635.2	1000	3	0	278	176	0.4	Proco2	3	9.18	12.01	30.4	19/02/2020	12:27:19
Mixed/nonconventional	210	120	160	170	58.18	0.03	0	57.92	-59.246	639.884	1000	3	0	275	176	0.4	Proco2	1	9.18	12.01	30.4	19/02/2020	12:27:25
Mixed/nonconventional	210	140	170	180	51.03	0.06	0	109.63	-94.026	694.613	1000	3	0	257	178	0.4	Proco2	1	9.09	12.01	30.4	19/02/2020	12:27:31
Mixed/nonconventional	210	165	185	190	32.88	0.04	0	103.52	-75.331	719.661	1000	3	0	248	179	0.3	Proco2	1	9.06	12.01	30.4	19/02/2020	12:27:37
Mixed/nonconventional	210	175	190	195	35.1	0.06	0	-150.73	-118.082	634.12	1000	3	0	277	176	0.4	Proco2	1	9.15	12.03	30.4	19/02/2020	12:27:43
Mixed/nonconventional	210	185	195	200	32.4	0.07	0	77.92	-204.226	594.016	1000	3	0	243	145	0.4	Proco2	1	9.98	12.03	30.4	19/02/2020	12:27:48
Mixed/nonconventional	210	195	200	205	37.24	0.07	0	-54.77	-197.803	166.856	1000	3	0	75	13	0.5	Proco2	1	12.22	12.03	30.9	19/02/2020	12:27:54
Mixed/nonconventional	210	205	235	230	21.78	0.32	0	362.91	-7.376	638.36	1000	3	0	277	177	0.4	Proco2	1	9.18	12.03	30.9	19/02/2020	12:28:00
Mixed/nonconventional	210	205	230	225	24.55	0	0	154.64	-16.63	638.36	1000	3	0	277	177	0.4	Proco2	2	9.18	12.03	30.9	19/02/2020	12:28:00
Mixed/nonconventional	210	205	225	220	30.3	0.05	0	-81.36	-51.31	638.36	1000	3	0	277	177	0.4	Proco2	3	9.18	12.03	30.9	19/02/2020	12:28:00
Mixed/nonconventional	210	205	220	215	35.38	0.03	0	-60.95	-239.643	638.36	1000	3	0	277	177	0.4	Proco2	4	9.18	12.03	30.9	19/02/2020	12:28:00
Mixed/nonconventional	205	150	175	180	43.5	0.1	0	43.56	-62.944	681.802	1000	3	0	260	177	0.4	Proco2	1	9.12	12.01	30.9	19/02/2020	12:28:06
Mixed/nonconventional	205	160	180	185	37.16	0.06	0	83.33	-71.306	602.8	1000	3	0	289	174	0.5	Proco2	1	9.21	12.01	30.9	19/02/2020	12:28:12
Mixed/nonconventional	205	170	185	190	32.17	0.04	0	-22.96	-102.022	597.707	1000	3	0	290	173	0.5	Proco2	1	9.18	12.01	30.9	19/02/2020	12:28:18
Mixed/nonconventional	205	180	190	195	36.06	0.03	0	-65.85	-203.291	531.275	1000	3	0	222	118	0.4	Proco2	1	10.55	12.01	30.9	19/02/2020	12:28:24
Mixed/nonconventional	205	190	195	200	36.15	0.07	0	-23.03	-198.14	172.177	1000	3	0	73	13	0.4	Proco2	1	12.22	12.01	30.9	19/02/2020	12:28:30
Mixed/nonconventional	205	200	235	230	21.53	0.98	0	366.79	-4.214	645.67	1000	3	0	274	177	0.4	Proco2	1	9.18	12.03	30.9	19/02/2020	12:28:36
Mixed/nonconventional	205	200	230	225	23.63	0.18	0	181.13	-8.095	645.67	1000	3	0	274	177	0.4	Proco2	2	9.18	12.03	30.9	19/02/2020	12:28:36
Mixed/nonconventional	205	200	225	220	29.23	0.04	0	-101.92	-20.024	645.67	1000	3	0	274	177	0.4	Proco2	3	9.18	12.03	30.9	19/02/2020	12:28:36
Mixed/nonconventional	205	200	220	215	31.98	0	0	1.16	-54.766	645.67	1000	3	0	274	177	0.4	Proco2	4	9.18	12.03	30.9	19/02/2020	12:28:36
Mixed/nonconventional	205	200	215	210	39.5	0.04	0	54.97	-270.619	645.67	1000	3	0	274	177	0.4	Proco2	5	9.18	12.03	30.9	19/02/2020	12:28:36
Mixed/nonconventional	200	130	160	170	51.46	0.04	0	52.91	-94.713	693.828	1000	3	0	257	178	0.4	Proco2	1	9.12	12.03	30.9	19/02/2020	12:28:42
Mixed/nonconventional	200	155	175	180	39.51	0.03	0	199.21	-84.77	674.096	1000	3	0	264	178	0.4	Proco2	1	9.09	12.01	31.4	19/02/2020	12:28:48
Mixed/nonconventional	200	165	180	185	34.14	0.03	0	-31.5	-132.516	731.625	1000	3	0	246	180	0.3	Proco2	1	9.03	12.03	31.4	19/02/2020	12:28:54
Mixed/nonconventional	200	175	185	190	32.44	0.04	0	56.26	-201.078	584.136	1000	3	0	248	145	0.4	Proco2	1	9.98	12.03	30.9	19/02/2020	12:29:00
Mixed/nonconventional	200	185	190	195	40	0.07	0	-156.16	-195.527	153.563	1000	3	0	63	10	0.4	Proco2	1	12.25	12.01	31.4	19/02/2020	12:29:05
Mixed/nonconventional	200	195	225	220	27.71	0.2	0	-119.47	-9.421	640.871	1000	3	0	275	176	0.4	Proco2	1	9.15	12.01	31.4	19/02/2020	12:29:11
Mixed/nonconventional	200	195	220	215	29.58	0.03	0	29.56	-20.115	640.871	1000	3	0	275	176	0.4	Proco2	2	9.15	12.01	31.4	19/02/2020	12:29:11
Mixed/nonconventional	200	195	215	210	32.19	0.04	0	77.04	-54.714	640.871	1000	3	0	275	176	0.4	Proco2	3	9.15	12.01	31.4	19/02/2020	12:29:11
Mixed/nonconventional	200	195	210	205	40.41	0	0	-104.48	-274.787	640.871	1000	3	0	275	176	0.4	Proco2	4	9.15	12.01	31.4	19/02/2020	12:29:11
Mixed/nonconventional	195	140	165	170	46.47	0.12	0	120.39	-68.237	691.942	1000	3	0	258	178	0.4	Proco2	1	9.09	12.03	31.4	19/02/2020	12:29:17
Mixed/nonconventional	195	150	170	175	40.54	0	0	70.1	-87.4	677.265	1000	3	0	263	178	0.4	Proco2	1	9.09	12.01	31.4	19/02/2020	12:29:23
Mixed/nonconventional	195	160	175	180	36.41	0.07	0	26.09	-115.811	599.639	1000	3	0	290	174	0.5	Proco2	1	9.18	12.03	31.4	19/02/2020	12:29:29
Mixed/nonconventional	195	170	180	185	34.39	0.06	0	38.64	-200.591	549.673	1000	3	0	269	148	0.5	Proco2	1	9.89	12.01	31.4	19/02/2020	12:29:35
Mixed/nonconventional	195	180	185	190	36.16	0.04	0	-0.32	-197.997	172.017	1000	3	0	74	13	0.4	Proco2	1	12.19	12.03	31.4	19/02/2020	12:29:41
Mixed/nonconventional	195	185	225	235	24.45	0.22	0	-576.49	8.523	657.08	1000	3	0	270	177	0.4	Proco2	1	9.15	12.03	31.4	19/02/2020	12:29:47
Mixed/nonconventional	195	190	225	220	29.82	0.73	0	-137.36	-5.895	652.069	1000	3	0	271	177	0.4	Proco2	1	9.12	12.03	31.9	19/02/2020	12:29:53
Mixed/nonconventional	195	190	220	215	30.4	0.05	0	51.19	-10.517	652.069	1000	3	0	271	177	0.4	Proco2	2	9.12	12.03	31.9	19/02/2020	12:29:53
Mixed/nonconventional	195	190	215	210	32.12	0.07	0	83.42	-22.225	652.069	1000	3	0	271	177	0.4	Proco2	3	9.12	12.03	31.9	19/02/2020	12:29:53
Mixed/nonconventional	195	190	210	205	35.34	0.03	0	-88.17	-61.125	652.069	1000	3	0	271	177	0.4	Proco2	4	9.12	12.03	31.9	19/02/2020	12:29:53
Mixed/nonconventional	195	190	205	200	41.45	0.08	0	-214.93	-286.812	652.069	1000	3	0	271	177	0.4	Proco2	5	9.12	12.03	31.9	19/02/2020	12:29:53
Mixed/nonconventional	190	120	150	160	60.43	0.05	0	50.36	-105.516	658.313	1000	3	0	267	176	0.4	Proco2	1	9.12	12.01	31.4	19/02/2020	12:29:59
Mixed/nonconventional	190	145	165	170	42.42	0	0	298.04	-92.338	683.905	1000	3	0	259	177	0.4	Proco2	1	9.06	12.03	31.9	19/02/2020	12:30:05
Mixed/nonconventional	190	155	170	175	37.57	0	0	-110.88	-136.554	685.03	1000	3	0	258	177	0.4	Proco2	1	9.06	12.03	31.9	19/02/2020	12:30:11
Mixed/nonconventional	190	165	175	180	35.33	0	0	131.38	-200.207	534.04	1000	3	0	172	92	0.3	Proco2	1	11.03	12.01	31.9	19/02/2020	12:30:16
Mixed/nonconventional	190	175	180	185	38.46	0.04	0	57.87	-197.749	161.517	1000	3	0	68	11	0.4	Proco2	1	12.22	12.03	31.9	19/02/2020	12:30:22
Mixed/nonconventional	190	180	220	230	26.7	0.19	0	-64.99	9.465	668.33	1000	3	0	266	177	0.4	Proco2	1	9.15	12.01	31.9	19/02/2020	12:30:28
Mixed/nonconventional	190	185	220	215	26.64	0.07	0	67.67	-5.481	678.715	1000	3	0	262	178	0.4	Proco2	1	9.12	12.03	31.9	19/02/2020	12:30:34
Mixed/nonconventional	190	185	215	210	27.01	0.03	0	83.42	-9.725	678.715	1000	3	0	262	178	0.4	Proco2	2	9.12	12.03	31.9	19/02/2020	12:30:34
Mixed/nonconventional	190	185	210	205	28.5	0.04	0	-84.94	-20.523	678.715	1000	3	0	262	178	0.4	Proco2	3	9.12	12.03	31.9	19/02/2020	12:30:34
Mixed/nonconventional	190	185	205	200	29.78	0.04	0	-130.09	-53.612	678.715	1000	3	0	262	178	0.4	Proco2	4	9.12	12.03	31.9	19/02/2020	12:30:34
Mixed/nonconventional	190	185	200	195	35.45	0.06	0	-93.53	-255.262	678.715	1000	3	0	262	178	0.4	Proco2	5	9.12	12.03	31.9	19/02/2020	12:30:34
Mixed/nonconventional	185	130	155	160	51.71	0	0	-83.15	-78.288	713.458	1000	3	0	249	178	0.3	Proco2	1	9.09	12.01	32.4	19/02/2020	12:30:40
Mixed/nonconventional	185	140	160	165	40.38	0.03	0	-108.86	-93.314	726.063	1000	3	0	246	179	0.3	Proco2	1	9.03	12.01	31.9	19/02/2020	12:30:46
Mixed/nonconventional	185	150	165	170	37.34	0.03	0	157.9	-140.37	708.558	1000	3	0	251	178	0.4	Proco2	1	9.06	12.03	32.4	19/02/2020	12:30:52
Mixed/nonconventional	185	160	170	175	35.23	0.05	0	13.33	-200.029	535.125	1000	3	0	241	129	0.5	Proco2	1	10.31	12.01	32.4	19/02/2020	12:30:58
Mixed/nonconventional	185	170	175	180	39.69	0.05	0	114.74	-198.048	156.764	1000	3	0	73	11	0.5	Proco2	1	12.22	12.01	32.4	19/02/2020	12:31:04
Mixed/nonconventional	185	175	215	225	30.87	0.19	0	83.69	10.836	661.636	1000	3	0	267	177	0.4	Proco2	1	9.15	12.03	32.4	19/02/2020	12:31:10
Mixed/nonconventional	185	180	215	210	29.89	0.09	0	81.38	-6.124	675.907	1000	3	0	261	177	0.4	Proco2	1	9.12	12.01	31.9	19/02/2020	12:31:16
Mixed/nonconventional	185	180	210	205	30.7	0	0	-83.77	-11.007	675.907	1000	3	0	261	177	0.4	Proco2	2	9.12	12.01	31.9	19/02/2020	12:31:16
Mixed/nonconventional	185	180	205	200	31.61	0.03	0	-104.89	-22.671	675.907	1000	3	0	261	177	0.4	Proco2	3	9.12	12.01	31.9	19/02/2020	12:31:16
Mixed/nonconventional	185	180	200	195	34.07	0.05	0	-45.26	-61.084	675.907	1000	3	0	261	177	0.4	Proco2	4	9.12	12.01	31.9	19/02/2020	12:31:16
Mixed/nonconventional	185	180	195	190	42.33	0.07	0	65.7	-303.553	675.907	1000	3	0	261	177	0.4	Proco2	5	9.12	12.01	31.9	19/02/2020	12:31:16
Mixed/nonconventional	180	135	155	160	45.19	0.04	0	118.52	-99.599	692.345	1000	3	0	256	177	0.4	Proco2	1	9.09	12.01	32.4	19/02/2020	12:31:22
Mixed/nonconventional	180	145	160	165	35.63	0.06	0	-283.3	-128.751	681.164	1000	3	0	260	177	0.4	Proco2	1	9.09	12.01	32.4	19/02/2020	12:31:28
Mixed/nonconventional	180	155	165	170	34.66	0.06	0	266.05	-203.873	554.416	1000	3	0	211	117	0.4	Proco2	1	10.55	12.03	32.4	19/02/2020	12:31:33
Mixed/nonconventional	180	165	170	175	36.3	0	0	36.79	-197.908	171.298	1000	3	0	57	10	0.3	Proco2	1	12.25	12.03	32.4	19/02/2020	12:31:39
Mixed/nonconventional	180	170	230	220	31.71	0.45	0	53.18	-5.138	610.87	1000	3	0	286	175	0.5	Proco2	1	9.21	12.03	32.4	19/02/2020	12:31:45
Mixed/nonconventional	180	170	220	210	31.67	0.24	0	170.39	-10.265	610.87	1000	3	0	286	175	0.5	Proco2	2	9.21	12.03	32.4	19/02/2020	12:31:45
Mixed/nonconventional	180	175	205	200	30.56	0.05	0	-96.57	-10.568	651.878	1000	3	0	270	176	0.4	Proco2	1	9.15	12.01	32.9	19/02/2020	12:31:51
Mixed/nonconventional	180	175	200	195	32.52	0.06	0	-30.9	-22.491	651.878	1000	3	0	270	176	0.4	Proco2	2	9.15	12.01	32.9	19/02/2020	12:31:51
Mixed/nonconventional	180	175	195	190	38.65	0.03	0	90.94	-66.832	651.878	1000	3	0	270	176	0.4	Proco2	3	9.15	12.01	32.9	19/02/2020	12:31:51
Mixed/nonconventional	180	175	190	185	40.42	0.03	0	-74.63	-279.573	651.878	1000	3	0	270	176	0.4	Proco2	4	9.15	12.01	32.9	19/02/2020	12:31:51
Mixed/nonconventional	175	165	205	215	31.64	0.05	0	4.68	12.139	723.107	1000	3	0	247	179	0.3	Proco2	1	9.06	12.01	32.4	19/02/2020	12:31:57
Mixed/nonconventional	175	170	205	200	30.03	0.03	0	-95.01	-5.465	600.339	1000	3	0	288	173	0.5	Proco2	1	9.18	12.03	32.9	19/02/2020	12:32:03
Mixed/nonconventional	175	170	200	195	31.2	0.06	0	-27.81	-9.938	600.339	1000	3	0	288	173	0.5	Proco2	2	9.18	12.03	32.9	19/02/2020	12:32:03
Mixed/nonconventional	175	170	195	190	36.02	0.05	0	97.11	-22.944	600.339	1000	3	0	288	173	0.5	Proco2	3	9.18	12.03	32.9	19/02/2020	12:32:03
Mixed/nonconventional	175	170	190	185	35.47	0	0	-58.99	-56.49	600.339	1000	3	0	288	173	0.5	Proco2	4	9.18	12.03	32.9	19/02/2020	12:32:03
Mixed/nonconventional	175	170	185	180	38.6	0.2	0	-133.81	-245.845	600.339	1000	3	0	288	173	0.5	Proco2	5	9.18	12.03	32.9	19/02/2020	12:32:03
Mixed/nonconventional	170	160	230	220	33.12	0.04	0	49.54	-2.862	569.982	1000	3	0	301	172	0.5	Proco2	1	9.24	12.01	32.9	19/02/2020	12:32:09
Mixed/nonconventional	170	160	220	210	32.43	0	0	174.79	-4.903	569.982	1000	3	0	301	172	0.5	Proco2	2	9.24	12.01	32.9	19/02/2020	12:32:09
Mixed/nonconventional	170	160	210	200	29.38	0.1	0	-177.63	-8.885	569.982	1000	3	0	301	172	0.5	Proco2	3	9.24	12.01	32.9	19/02/2020	12:32:09
Mixed/nonconventional	170	165	195	190	34.7	0.03	0	102.59	-12.393	673.298	1000	3	0	262	176	0.4	Proco2	1	9.09	12.03	32.9	19/02/2020	12:32:15
Mixed/nonconventional	170	165	190	185	33.5	0.03	0	-48.31	-23.929	673.298	1000	3	0	262	176	0.4	Proco2	2	9.09	12.03	32.9	19/02/2020	12:32:15
Mixed/nonconventional	170	165	185	180	35.15	0.12	0	-62.19	-62.779	673.298	1000	3	0	262	176	0.4	Proco2	3	9.09	12.03	32.9	19/02/2020	12:32:15
Mixed/nonconventional	170	165	180	175	43.03	0.13	0	28.6	-307.37	673.298	1000	3	0	262	176	0.4	Proco2	4	9.09	12.03	32.9	19/02/2020	12:32:15
Mixed/nonconventional	165	155	195	205	28.51	0.15	0	117.1	11.6	766.887	1000	3	0	233	179	0.3	Proco2	1	8.97	12.01	32.9	19/02/2020	12:32:21
Mixed/nonconventional	165	160	195	190	28.49	0.04	0	107.7	-5.834	675.532	1000	3	0	260	176	0.4	Proco2	1	9.09	12.01	33.4	19/02/2020	12:32:27
Mixed/nonconventional	165	160	190	185	26.52	0.03	0	-40.33	-9.505	675.532	1000	3	0	260	176	0.4	Proco2	2	9.09	12.01	33.4	19/02/2020	12:32:27
Mixed/nonconventional	165	160	185	180	27.42	0.1	0	-34.71	-19.652	675.532	1000	3	0	260	176	0.4	Proco2	3	9.09	12.01	33.4	19/02/2020	12:32:27
Mixed/nonconventional	165	160	180	175	29.7	0.08	0	51.15	-53.227	675.532	1000	3	0	260	176	0.4	Proco2	4	9.09	12.01	33.4	19/02/2020	12:32:27
Mixed/nonconventional	160	150	220	210	38.62	0.06	0	178.77	-3.755	641.472	1000	3	0	272	174	0.4	Proco2	1	9.12	12.01	31.9	19/02/2020	12:32:33
Mixed/nonconventional	160	150	210	200	34.04	0.06	0	-175.48	-5.792	641.472	1000	3	0	272	174	0.4	Proco2	2	9.12	12.01	31.9	19/02/2020	12:32:33
Mixed/nonconventional	160	150	200	190	33.49	0.06	0	88.38	-11.396	641.472	1000	3	0	272	174	0.4	Proco2	3	9.12	12.01	31.9	19/02/2020	12:32:33
Mixed/nonconventional	160	155	185	180	30.16	0.15	0	-19.85	-10.107	631.794	1000	3	0	275	174	0.4	Proco2	1	9.12	11.98	31.9	19/02/2020	12:32:39
Mixed/nonconventional	160	155	180	175	30.88	0.08	0	54.3	-20.703	631.794	1000	3	0	275	174	0.4	Proco2	2	9.12	11.98	31.9	19/02/2020	12:32:39
Mixed/nonconventional	155	140	215	230	44.97	0	0	-149.65	5.876	738.853	1000	3	0	241	178	0.3	Proco2	1	9	12.01	32.4	19/02/2020	12:32:45
Mixed/nonconventional	155	145	185	195	34.1	0.11	0	-87.62	12.74	704.149	1000	3	0	251	177	0.4	Proco2	1	9.03	12.01	32.4	19/02/2020	12:32:51
Mixed/nonconventional	155	150	185	180	32.44	0.08	0	-6.75	-7.106	722.644	1000	3	0	246	177	0.3	Proco2	1	9	12.01	32.4	19/02/2020	12:32:57
Mixed/nonconventional	155	150	180	175	32.42	0.07	0	52.17	-12.429	722.644	1000	3	0	246	177	0.3	Proco2	2	9	12.01	32.4	19/02/2020	12:32:57
Mixed/nonconventional	150	140	210	200	42.45	0.04	0	-174.85	-4.873	757.385	1000	3	0	236	179	0.3	Proco2	1	8.97	12.01	32.4	19/02/2020	12:33:03
Mixed/nonconventional	150	140	200	190	41.23	0.08	0	102.89	-8.284	757.385	1000	3	0	236	179	0.3	Proco2	2	8.97	12.01	32.4	19/02/2020	12:33:03
Mixed/nonconventional	150	140	190	180	37.16	0.05	0	-28.31	-14.93	757.385	1000	3	0	236	179	0.3	Proco2	3	8.97	12.01	32.4	19/02/2020	12:33:03
Mixed/nonconventional	145	130	235	220	56.36	0.53	0	407.89	-4.128	724.772	1000	3	0	245	178	0.3	Proco2	1	9	12.01	32.4	19/02/2020	12:33:09
Mixed/nonconventional	145	130	220	205	55.85	0.06	0	100.57	-7.158	724.772	1000	3	0	245	178	0.3	Proco2	2	9	12.01	32.4	19/02/2020	12:33:09
Mixed/nonconventional	145	135	175	185	47.84	0.07	0	-49.17	18.177	716.187	1000	3	0	247	177	0.3	Proco2	1	9	12.01	32.4	19/02/2020	12:33:15
Mixed/nonconventional	140	130	200	190	54.39	0.11	0	110.03	-6.305	764.741	1000	3	0	233	178	0.3	Proco2	1	8.97	12.01	32.4	19/02/2020	12:33:21
Mixed/nonconventional	140	130	190	180	51.03	0.03	0	-16.17	-10.352	764.741	1000	3	0	233	178	0.3	Proco2	2	8.97	12.01	32.4	19/02/2020	12:33:21
Mixed/nonconventional	140	130	180	170	49.61	0.03	0	38.18	-20.126	764.741	1000	3	0	233	178	0.3	Proco2	3	8.97	12.01	32.4	19/02/2020	12:33:21
Mixed/nonconventional	110	120	170	180	74.7	0.18	0	-36.52	-7.589	670.299	1000	3	0	261	175	0.4	Proco2	1	9.06	11.98	32.4	19/02/2020	12:33:27
Mixed/nonconventional	135	120	225	210	63.04	0.28	0	-13.25	-4.381	687.798	1000	3	0	256	176	0.4	Proco2	1	9.06	12.01	32.9	19/02/2020	12:33:33
Mixed/nonconventional	135	120	210	195	56.73	0.08	0	-190.23	-6.901	687.798	1000	3	0	256	176	0.4	Proco2	2	9.06	12.01	32.9	19/02/2020	12:33:33
Mixed/nonconventional	130	120	190	180	61.94	0.11	0	-6.71	-6.556	698.282	1000	3	0	252	176	0.4	Proco2	1	9.03	11.98	32.9	19/02/2020	12:33:39
Mixed/nonconventional	130	120	180	170	62.15	0.03	0	33.29	-11.513	698.282	1000	3	0	252	176	0.4	Proco2	2	9.03	11.98	32.9	19/02/2020	12:33:39
