El-array	Spa.1	Spa.2	Spa.3	Spa.4	Rho	Dev.	M	Sp	Vp	In	Time	Stack	Rs-Check	Vab	Pab	Rab	Name	Channel	Tx-Bat	Rx-Bat	Temp.	Date	
Mixed/nonconventional	0	25	175	200	66.42	0.39	0	-32.23	-1.682	668.232	1000	3	0	282	188	0.4	Proco2	1	9.66	11.96	31.4	19/02/2020	14:23:39
Mixed/nonconventional	10	35	185	210	68.25	1.29	0	46.32	-1.746	674.942	1000	6	0	276	186	0.4	Proco2	1	9.51	11.96	31.4	19/02/2020	14:23:49
Mixed/nonconventional	20	40	160	180	43.5	0.51	0	-54.66	-1.221	592.466	1000	3	0	304	180	0.5	Proco2	1	9.57	11.98	30.9	19/02/2020	14:23:55
Mixed/nonconventional	20	45	195	220	66.28	5.42	0	826.83	-1.562	622.027	1000	6	0	292	181	0.5	Proco2	1	9.48	11.96	31.4	19/02/2020	14:24:05
Mixed/nonconventional	70	85	175	190	44.39	0.38	0	11.73	-1.618	577.284	1000	3	0	308	178	0.5	Proco2	1	9.54	11.98	30.9	19/02/2020	14:24:10
Mixed/nonconventional	30	50	170	190	50.44	0.13	0	21.24	-1.361	569.612	1000	3	0	311	177	0.5	Proco2	1	9.48	11.96	31.4	19/02/2020	14:24:16
Mixed/nonconventional	30	55	205	230	65.44	2.09	0	86.69	-1.197	482.711	1000	6	0	352	170	0.7	Proco2	1	9.63	11.98	31.4	19/02/2020	14:24:26
Mixed/nonconventional	30	225	120	135	63.54	0.09	0	299.07	21.001	654.161	1000	3	0	277	181	0.4	Proco2	1	9.39	11.96	30.9	19/02/2020	14:24:32
Mixed/nonconventional	40	60	200	180	57.89	0.23	0	6.95	1.195	435.941	1000	3	0	374	163	0.9	Proco2	1	9.71	11.98	30.9	19/02/2020	14:24:38
Mixed/nonconventional	40	60	180	160	36.49	0.23	0	54.47	1.206	435.941	1000	3	0	374	163	0.9	Proco2	2	9.71	11.98	30.9	19/02/2020	14:24:38
Mixed/nonconventional	40	235	130	145	78.43	0.09	0	277.62	19.922	502.754	1000	3	0	342	172	0.7	Proco2	1	9.57	11.98	30.9	19/02/2020	14:24:44
Mixed/nonconventional	50	70	210	190	53.22	0.12	0	-14.01	1.548	614.18	1000	3	0	292	179	0.5	Proco2	1	9.42	11.98	31.4	19/02/2020	14:24:50
Mixed/nonconventional	50	70	190	170	42.92	0.1	0	-21.03	1.998	614.18	1000	3	0	292	179	0.5	Proco2	2	9.42	11.98	31.4	19/02/2020	14:24:50
Mixed/nonconventional	50	215	125	140	64.74	0.22	0	-33.91	29.003	633.34	1000	3	0	284	180	0.4	Proco2	1	9.36	11.98	30.9	19/02/2020	14:24:56
Mixed/nonconventional	60	75	165	180	36.7	0.27	0	-4.55	-1.04	448.507	1000	3	0	369	166	0.8	Proco2	1	9.68	11.98	30.9	19/02/2020	14:25:02
Mixed/nonconventional	60	80	220	200	56.47	0.11	0	-112.69	0.89	332.801	1000	3	0	399	133	1.2	Proco2	1	10.34	11.96	30.9	19/02/2020	14:25:08
Mixed/nonconventional	60	80	200	180	53.6	0.15	0	7.73	1.352	332.801	1000	3	0	399	133	1.2	Proco2	2	10.34	11.96	30.9	19/02/2020	14:25:08
Mixed/nonconventional	60	225	135	150	68.97	0.08	0	-52.72	22.911	469.652	1000	3	0	360	169	0.8	Proco2	1	9.63	11.96	30.9	19/02/2020	14:25:14
Mixed/nonconventional	60	190	120	130	43.94	0.08	0	87.04	10.909	327.54	1000	3	0	399	131	1.2	Proco2	1	10.4	11.96	30.9	19/02/2020	14:25:19
Mixed/nonconventional	70	90	230	210	66.29	0.22	0	26.67	1.532	488.029	1000	3	0	346	169	0.7	Proco2	1	9.54	11.96	31.4	19/02/2020	14:25:25
Mixed/nonconventional	70	90	210	190	239.29	162.68	0	729.27	8.85	488.029	1000	3	0	346	169	0.7	Proco2	2	9.54	11.96	31.4	19/02/2020	14:25:25
Mixed/nonconventional	70	235	145	160	69.68	0.19	0	-49.28	28.815	584.63	1000	3	0	302	176	0.5	Proco2	1	9.39	11.96	31.4	19/02/2020	14:25:31
Mixed/nonconventional	70	200	130	140	54.97	0.1	0	270.89	26.706	641.067	1000	3	0	279	179	0.4	Proco2	1	9.33	11.98	30.9	19/02/2020	14:25:37
Mixed/nonconventional	70	180	120	130	37.62	0.04	0	87.54	27.149	680.159	1000	3	0	266	181	0.4	Proco2	1	9.27	11.98	31.4	19/02/2020	14:25:43
Mixed/nonconventional	80	95	200	185	47.96	47.14	0	-536.25	1.285	424.314	1000	6	0	378	160	0.9	Proco2	1	9.68	11.96	31.4	19/02/2020	14:25:53
Mixed/nonconventional	80	95	185	170	40.29	1.05	0	10.28	1.727	424.314	1000	6	0	378	160	0.9	Proco2	2	9.68	11.96	31.4	19/02/2020	14:25:53
Mixed/nonconventional	80	100	200	220	53.63	6.49	0	-361.34	-1.648	405.538	1000	6	0	385	156	1	Proco2	1	9.77	11.96	30.9	19/02/2020	14:26:03
Mixed/nonconventional	80	210	140	150	54.79	0.14	0	-110.84	16.174	389.484	1000	3	0	393	153	1	Proco2	1	9.89	11.96	30.9	19/02/2020	14:26:09
Mixed/nonconventional	80	190	130	140	48.28	0.21	0	271.23	16.052	313.355	1000	3	0	398	125	1.3	Proco2	1	10.43	11.96	30.9	19/02/2020	14:26:15
Mixed/nonconventional	90	105	210	195	43.97	39.41	0	-1152.26	0.912	328.593	1000	6	0	399	131	1.2	Proco2	1	10.31	11.96	30.9	19/02/2020	14:26:24
Mixed/nonconventional	90	105	195	180	40.15	2.35	0	1060.9	1.333	328.593	1000	6	0	399	131	1.2	Proco2	2	10.31	11.96	30.9	19/02/2020	14:26:24
Mixed/nonconventional	90	105	180	165	25.84	1.6	0	-360.94	1.502	328.593	1000	6	0	399	131	1.2	Proco2	3	10.31	11.96	30.9	19/02/2020	14:26:24
Mixed/nonconventional	90	110	210	230	52.74	6.4	0	-366.4	-1.4	350.227	1000	6	0	398	139	1.1	Proco2	1	10.13	11.96	30.9	19/02/2020	14:26:34
Mixed/nonconventional	90	220	150	160	59.4	0.2	0	69.92	22.959	510.005	1000	3	0	336	171	0.7	Proco2	1	9.48	11.96	30.9	19/02/2020	14:26:40
Mixed/nonconventional	90	200	140	150	47.12	0.21	0	-110.62	22.228	444.556	1000	3	0	369	164	0.8	Proco2	1	9.63	11.96	31.4	19/02/2020	14:26:46
Mixed/nonconventional	90	180	130	140	39.91	0.1	0	272.96	29.314	461.556	1000	3	0	361	166	0.8	Proco2	1	9.57	11.96	30.9	19/02/2020	14:26:52
Mixed/nonconventional	100	115	220	205	43.31	6.91	0	-382.59	1.309	478.55	1000	6	0	349	167	0.7	Proco2	1	9.51	11.96	31.4	19/02/2020	14:27:02
Mixed/nonconventional	100	115	205	190	42.2	2.08	0	458.57	2.041	478.55	1000	6	0	349	167	0.7	Proco2	2	9.51	11.96	31.4	19/02/2020	14:27:02
Mixed/nonconventional	100	115	190	175	29.72	0.87	0	-373.69	2.515	478.55	1000	6	0	349	167	0.7	Proco2	3	9.51	11.96	31.4	19/02/2020	14:27:02
Mixed/nonconventional	100	230	160	170	48.86	0.07	0	-35.99	17.576	474.645	1000	3	0	353	168	0.7	Proco2	1	9.54	11.96	31.4	19/02/2020	14:27:08
Mixed/nonconventional	100	210	150	160	51.63	0.03	0	70.38	26.399	481.908	1000	3	0	349	168	0.7	Proco2	1	9.51	11.96	31.4	19/02/2020	14:27:14
Mixed/nonconventional	100	190	140	150	39.9	0.15	0	-110.95	24.94	392.72	1000	3	0	391	154	1	Proco2	1	9.83	11.96	31.4	19/02/2020	14:27:20
Mixed/nonconventional	110	220	160	170	41.66	0.2	0	-35.82	21.868	494.732	1000	3	0	344	170	0.7	Proco2	1	9.45	11.96	30.9	19/02/2020	14:27:26
Mixed/nonconventional	110	200	150	160	42.19	0.1	0	70.87	29.168	434.392	1000	3	0	373	162	0.9	Proco2	1	9.66	11.96	31.4	19/02/2020	14:27:31
Mixed/nonconventional	110	180	140	150	31.06	0.12	0	-110.85	37.177	451.194	1000	3	0	365	165	0.8	Proco2	1	9.6	11.96	31.4	19/02/2020	14:27:37
Mixed/nonconventional	0	195	90	105	60.79	0.14	0	701.5	21.068	685.966	1000	3	0	263	181	0.4	Proco2	1	9.24	11.96	31.4	19/02/2020	14:27:43
Mixed/nonconventional	10	205	100	115	58.61	0.91	0	929.99	15.746	531.709	1000	3	0	322	171	0.6	Proco2	1	9.39	11.96	31.4	19/02/2020	14:27:49
Mixed/nonconventional	20	185	95	110	51.89	1.01	0	-648.99	19.654	535.466	1000	6	0	319	171	0.6	Proco2	1	9.39	11.96	30.9	19/02/2020	14:27:59
Mixed/nonconventional	20	215	110	125	57.02	0.41	0	510.45	21.431	743.902	1000	3	0	246	183	0.3	Proco2	1	9.15	11.98	31.4	19/02/2020	14:28:05
Mixed/nonconventional	30	195	105	120	51.09	0.07	0	-528.29	24.365	674.198	1000	3	0	266	180	0.4	Proco2	1	9.21	11.96	31.4	19/02/2020	14:28:11
Mixed/nonconventional	40	205	115	130	51.9	0.07	0	-544.14	17.858	486.464	1000	3	0	344	167	0.7	Proco2	1	9.45	11.98	31.4	19/02/2020	14:28:17
Mixed/nonconventional	50	180	110	120	41.6	0.18	0	29.25	17.242	546.832	1000	3	0	315	172	0.6	Proco2	1	9.36	11.96	31.9	19/02/2020	14:28:23
Mixed/nonconventional	110	125	230	215	44.58	19.16	0	-227.91	1.233	437.76	1000	6	0	369	162	0.8	Proco2	1	9.6	11.96	31.9	19/02/2020	14:28:32
Mixed/nonconventional	110	125	215	200	35.76	14.89	0	318.72	1.582	437.76	1000	6	0	369	162	0.8	Proco2	2	9.6	11.96	31.9	19/02/2020	14:28:32
Mixed/nonconventional	110	125	200	185	33	2.47	0	27.56	2.555	437.76	1000	6	0	369	162	0.8	Proco2	3	9.6	11.96	31.9	19/02/2020	14:28:32
Mixed/nonconventional	235	180	205	210	25	0.46	0	-167.99	-27.814	524.333	1000	3	0	325	171	0.6	Proco2	1	9.39	11.98	31.4	19/02/2020	14:28:38
Mixed/nonconventional	235	190	210	215	22.45	0.17	0	-381.27	-27.117	379.532	1000	3	0	393	149	1	Proco2	1	9.86	11.98	31.4	19/02/2020	14:28:44
Mixed/nonconventional	235	200	215	220	19.55	0.09	0	340.21	-52.571	506.801	1000	3	0	335	170	0.7	Proco2	1	9.42	11.96	31.9	19/02/2020	14:28:50
Mixed/nonconventional	235	210	220	225	17.97	0.1	0	-368.32	-88.669	465.14	1000	3	0	355	165	0.8	Proco2	1	9.51	11.96	31.9	19/02/2020	14:28:56
Mixed/nonconventional	235	220	225	230	18.1	0.08	0	438.12	-200.264	347.617	1000	3	0	166	58	0.5	Proco2	1	11.56	11.98	31.9	19/02/2020	14:29:02
Mixed/nonconventional	230	120	170	180	43.81	0.14	0	451.01	-23.17	498.459	1000	3	0	341	170	0.7	Proco2	1	9.48	11.96	31.4	19/02/2020	14:29:08
Mixed/nonconventional	230	140	180	190	43.21	0.15	0	52.92	-33.117	481.555	1000	3	0	348	167	0.7	Proco2	1	9.51	11.96	31.9	19/02/2020	14:29:14
Mixed/nonconventional	230	160	190	200	37.7	0.07	0	-13.14	-38.068	380.667	1000	3	0	393	150	1	Proco2	1	9.89	11.96	31.9	19/02/2020	14:29:20
Mixed/nonconventional	230	185	205	210	21.59	0.03	0	80.5	-31.251	454.672	1000	3	0	361	164	0.8	Proco2	1	9.57	11.96	31.9	19/02/2020	14:29:26
Mixed/nonconventional	230	195	210	215	19.14	0.03	0	-707.29	-54.711	538.797	1000	3	0	320	173	0.6	Proco2	1	9.39	11.96	31.9	19/02/2020	14:29:31
Mixed/nonconventional	230	205	215	220	17.28	0.07	0	623.22	-82.649	450.81	1000	3	0	362	163	0.8	Proco2	1	9.57	11.96	31.9	19/02/2020	14:29:37
Mixed/nonconventional	230	215	220	225	19.03	0.09	0	-482.17	-197.72	326.411	1000	3	0	172	56	0.5	Proco2	1	11.59	11.98	31.9	19/02/2020	14:29:43
Mixed/nonconventional	225	170	195	200	29.46	3.28	0	-239.42	-28.086	449.317	1000	6	0	361	162	0.8	Proco2	1	9.57	11.94	31.9	19/02/2020	14:29:53
Mixed/nonconventional	225	180	200	205	21.12	0.19	0	86.41	-41.832	622.262	1000	3	0	284	177	0.5	Proco2	1	9.3	11.96	32.4	19/02/2020	14:29:59
Mixed/nonconventional	225	190	205	210	18.21	0.2	0	-108.8	-41.095	425.387	1000	3	0	376	160	0.9	Proco2	1	9.66	11.96	32.4	19/02/2020	14:30:05
Mixed/nonconventional	225	200	210	215	17.81	0.03	0	-379.21	-111.935	592.428	1000	3	0	297	176	0.5	Proco2	1	9.3	11.96	31.9	19/02/2020	14:30:11
Mixed/nonconventional	225	210	215	220	18.13	0.08	0	336.4	-195.371	338.471	1000	3	0	206	70	0.6	Proco2	1	11.38	11.96	32.4	19/02/2020	14:30:17
Mixed/nonconventional	225	220	230	235	20.35	0	0	142.63	164.114	759.976	1000	3	0	241	183	0.3	Proco2	1	9.15	11.96	32.4	19/02/2020	14:30:22
Mixed/nonconventional	220	130	170	180	36.21	0.04	0	153.9	-42.958	745.501	1000	3	0	244	182	0.3	Proco2	1	9.18	11.96	32.4	19/02/2020	14:30:28
Mixed/nonconventional	220	150	180	190	34.2	0	0	75.68	-76.463	842.798	1000	3	0	219	185	0.3	Proco2	1	9.06	11.96	31.9	19/02/2020	14:30:34
Mixed/nonconventional	220	175	195	200	24.9	0.08	0	440.52	-37.369	471.54	1000	3	0	349	165	0.7	Proco2	1	9.51	11.96	31.9	19/02/2020	14:30:40
Mixed/nonconventional	220	185	200	205	18.91	0.07	0	-107.3	-59.249	590.569	1000	3	0	295	174	0.5	Proco2	1	9.3	11.96	32.4	19/02/2020	14:30:46
Mixed/nonconventional	220	195	205	210	17.18	0	0	43.47	-145.851	799.93	1000	3	0	230	184	0.3	Proco2	1	9.09	11.96	32.4	19/02/2020	14:30:52
Mixed/nonconventional	220	205	210	215	18.46	0.08	0	-656.5	-199.485	339.49	1000	3	0	174	59	0.5	Proco2	1	11.53	11.96	32.4	19/02/2020	14:30:58
Mixed/nonconventional	220	215	235	230	15.23	0.11	0	-83.88	-36.287	898.141	1000	3	0	207	186	0.2	Proco2	1	9.03	11.98	32.4	19/02/2020	14:31:04
Mixed/nonconventional	220	215	230	225	18.47	0.06	0	-979.47	-175.995	898.141	1000	3	0	207	186	0.2	Proco2	2	9.03	11.98	32.4	19/02/2020	14:31:04
Mixed/nonconventional	215	160	185	190	26.34	0.56	0	-116.28	-26.209	468.954	1000	3	0	352	165	0.8	Proco2	1	9.51	11.96	32.4	19/02/2020	14:31:10
Mixed/nonconventional	215	170	190	195	25.23	1.09	0	253.12	-38.707	481.966	1000	6	0	342	165	0.7	Proco2	1	9.45	11.96	32.4	19/02/2020	14:31:19
Mixed/nonconventional	215	180	195	200	21.01	0.29	0	-103.03	-77.566	695.812	1000	3	0	259	180	0.4	Proco2	1	9.18	11.96	32.9	19/02/2020	14:31:25
Mixed/nonconventional	215	190	200	205	17.05	0.06	0	29.05	-81.982	453.186	1000	3	0	361	164	0.8	Proco2	1	9.54	11.96	32.9	19/02/2020	14:31:31
Mixed/nonconventional	215	200	205	210	19.39	0.05	0	-82.05	-196.36	318.09	1000	3	0	133	42	0.4	Proco2	1	11.77	11.98	32.9	19/02/2020	14:31:37
Mixed/nonconventional	215	210	235	230	13.46	0.09	0	-57.37	-8.263	578.776	1000	3	0	302	175	0.5	Proco2	1	9.33	11.96	32.4	19/02/2020	14:31:43
Mixed/nonconventional	215	210	230	225	15.66	0.1	0	-739.66	-24.038	578.776	1000	3	0	302	175	0.5	Proco2	2	9.33	11.96	32.4	19/02/2020	14:31:43
Mixed/nonconventional	215	210	225	220	18.69	0.05	0	569.09	-114.803	578.776	1000	3	0	302	175	0.5	Proco2	3	9.33	11.96	32.4	19/02/2020	14:31:43
Mixed/nonconventional	210	120	160	170	34.75	0.06	0	13.04	-27.896	504.412	1000	3	0	336	169	0.7	Proco2	1	9.45	11.96	32.9	19/02/2020	14:31:49
Mixed/nonconventional	210	140	170	180	29.23	0.03	0	128.63	-37.761	487.011	1000	3	0	343	167	0.7	Proco2	1	9.45	11.96	32.9	19/02/2020	14:31:55
Mixed/nonconventional	210	165	185	190	21.87	0.1	0	144.56	-28.426	408.272	1000	3	0	382	156	0.9	Proco2	1	9.71	11.96	32.9	19/02/2020	14:32:01
Mixed/nonconventional	210	175	190	195	21.19	0.03	0	-369.69	-43.102	383.321	1000	3	0	391	150	1	Proco2	1	9.8	11.96	32.9	19/02/2020	14:32:07
Mixed/nonconventional	210	185	195	200	20.73	0.05	0	325.56	-101.147	459.953	1000	3	0	357	164	0.8	Proco2	1	9.54	11.96	32.9	19/02/2020	14:32:13
Mixed/nonconventional	210	195	200	205	18.78	0.06	0	-76.37	-194.309	325.103	1000	3	0	189	62	0.6	Proco2	1	11.5	11.96	32.9	19/02/2020	14:32:19
Mixed/nonconventional	210	205	235	230	12.9	0.13	0	-41.63	-3.122	456.105	1000	3	0	360	164	0.8	Proco2	1	9.57	11.96	32.9	19/02/2020	14:32:25
Mixed/nonconventional	210	205	230	225	12.64	0.13	0	-637.99	-6.117	456.105	1000	3	0	360	164	0.8	Proco2	2	9.57	11.96	32.9	19/02/2020	14:32:25
Mixed/nonconventional	210	205	225	220	15.26	0.04	0	531.6	-18.458	456.105	1000	3	0	360	164	0.8	Proco2	3	9.57	11.96	32.9	19/02/2020	14:32:25
Mixed/nonconventional	210	205	220	215	18.62	0.13	0	-723.87	-90.134	456.105	1000	3	0	360	164	0.8	Proco2	4	9.57	11.96	32.9	19/02/2020	14:32:25
Mixed/nonconventional	205	150	175	180	24.51	0.32	0	-27.61	-29.181	561.051	1000	3	0	308	173	0.5	Proco2	1	9.36	11.96	32.9	19/02/2020	14:32:31
Mixed/nonconventional	205	160	180	185	25.36	0.27	0	153.11	-31.005	384.138	1000	3	0	391	150	1	Proco2	1	9.83	11.96	32.9	19/02/2020	14:32:36
Mixed/nonconventional	205	170	185	190	18.5	0.2	0	-54.51	-38.688	394.175	1000	3	0	387	152	1	Proco2	1	9.77	11.96	33.4	19/02/2020	14:32:42
Mixed/nonconventional	205	180	190	195	19.29	0.08	0	-75.97	-105.491	515.464	1000	3	0	329	170	0.6	Proco2	1	9.42	11.96	32.9	19/02/2020	14:32:48
Mixed/nonconventional	205	190	195	200	22	0.09	0	82.41	-193.276	275.937	1000	3	0	288	79	1	Proco2	1	11.2	11.96	33.4	19/02/2020	14:32:54
Mixed/nonconventional	205	200	235	230	13.89	0.39	0	-33.32	-2.105	499.944	1000	3	0	338	169	0.7	Proco2	1	9.45	11.96	33.4	19/02/2020	14:33:00
Mixed/nonconventional	205	200	230	225	12.47	0.63	0	-591.92	-3.307	499.944	1000	3	0	338	169	0.7	Proco2	2	9.45	11.96	33.4	19/02/2020	14:33:00
Mixed/nonconventional	205	200	225	220	13.99	0.36	0	505.27	-7.421	499.944	1000	3	0	338	169	0.7	Proco2	3	9.45	11.96	33.4	19/02/2020	14:33:00
Mixed/nonconventional	205	200	220	215	14.82	0.12	0	-574.35	-19.651	499.944	1000	3	0	338	169	0.7	Proco2	4	9.45	11.96	33.4	19/02/2020	14:33:00
Mixed/nonconventional	205	200	215	210	18.9	0.1	0	707.21	-100.235	499.944	1000	3	0	338	169	0.7	Proco2	5	9.45	11.96	33.4	19/02/2020	14:33:00
Mixed/nonconventional	200	130	160	170	27.29	0.08	0	14.85	-42.519	587.455	1000	3	0	297	174	0.5	Proco2	1	9.33	11.94	33.4	19/02/2020	14:33:06
Mixed/nonconventional	200	155	175	180	20.89	0.22	0	166.36	-27.011	406.241	1000	3	0	381	155	0.9	Proco2	1	9.68	11.96	33.4	19/02/2020	14:33:12
Mixed/nonconventional	200	165	180	185	21.74	0.12	0	-49.31	-50.728	439.758	1000	3	0	367	161	0.8	Proco2	1	9.6	11.96	33.4	19/02/2020	14:33:18
Mixed/nonconventional	200	175	185	190	16.84	0.06	0	114.61	-73.687	412.412	1000	3	0	377	156	0.9	Proco2	1	9.68	11.96	33.4	19/02/2020	14:33:24
Mixed/nonconventional	200	185	190	195	26.38	0.07	0	-399.04	-198.239	236.11	1000	3	0	159	38	0.7	Proco2	1	11.83	11.96	33.4	19/02/2020	14:33:30
Mixed/nonconventional	200	195	225	220	16.29	0.24	0	484.94	-5.284	611.398	1000	3	0	290	177	0.5	Proco2	1	9.3	11.96	33.4	19/02/2020	14:33:36
Mixed/nonconventional	200	195	220	215	14.72	0.32	0	-522.08	-9.548	611.398	1000	3	0	290	177	0.5	Proco2	2	9.3	11.96	33.4	19/02/2020	14:33:36
Mixed/nonconventional	200	195	215	210	17.33	0.07	0	699.92	-28.098	611.398	1000	3	0	290	177	0.5	Proco2	3	9.3	11.96	33.4	19/02/2020	14:33:36
Mixed/nonconventional	200	195	210	205	22.34	0.04	0	-61.91	-144.912	611.398	1000	3	0	290	177	0.5	Proco2	4	9.3	11.96	33.4	19/02/2020	14:33:36
Mixed/nonconventional	195	140	165	170	22.95	0.31	0	-101.2	-28.674	588.708	1000	3	0	292	172	0.5	Proco2	1	9.36	11.96	33.8	19/02/2020	14:33:42
Mixed/nonconventional	195	150	170	175	20.4	0.14	0	145.04	-48.271	743.352	1000	3	0	246	183	0.3	Proco2	1	9.12	11.96	33.8	19/02/2020	14:33:48
Mixed/nonconventional	195	160	175	180	18.63	0.17	0	-31.5	-43.87	443.95	1000	3	0	365	162	0.8	Proco2	1	9.57	11.96	33.4	19/02/2020	14:33:53
Mixed/nonconventional	195	170	180	185	21.48	0.05	0	84.21	-103.749	455.198	1000	3	0	358	163	0.8	Proco2	1	9.54	11.96	33.4	19/02/2020	14:33:59
Mixed/nonconventional	195	180	185	190	19.1	0.09	0	3.23	-190.468	313.361	1000	3	0	141	44	0.4	Proco2	1	11.74	11.96	33.4	19/02/2020	14:34:05
Mixed/nonconventional	195	185	225	235	19.39	0.34	0	570.79	5.618	546.226	1000	3	0	316	173	0.6	Proco2	1	9.36	11.96	33.8	19/02/2020	14:34:11
Mixed/nonconventional	195	190	225	220	17.1	0.25	0	467.44	-2.236	431.405	1000	3	0	372	160	0.9	Proco2	1	9.63	11.96	33.8	19/02/2020	14:34:17
Mixed/nonconventional	195	190	220	215	14.87	0.08	0	-496.24	-3.403	431.405	1000	3	0	372	160	0.9	Proco2	2	9.63	11.96	33.8	19/02/2020	14:34:17
Mixed/nonconventional	195	190	215	210	14.69	0.25	0	688.62	-6.723	431.405	1000	3	0	372	160	0.9	Proco2	3	9.63	11.96	33.8	19/02/2020	14:34:17
Mixed/nonconventional	195	190	210	205	17.11	0.03	0	-23.15	-19.583	431.405	1000	3	0	372	160	0.9	Proco2	4	9.63	11.96	33.8	19/02/2020	14:34:17
Mixed/nonconventional	195	190	205	200	20.34	0.08	0	-5.63	-93.082	431.405	1000	3	0	372	160	0.9	Proco2	5	9.63	11.96	33.8	19/02/2020	14:34:17
Mixed/nonconventional	190	120	150	160	33.76	0	0	-55.65	-36.656	409.376	1000	3	0	382	156	0.9	Proco2	1	9.71	11.96	33.8	19/02/2020	14:34:23
Mixed/nonconventional	190	145	165	170	19.99	0.08	0	106.91	-24.11	378.841	1000	3	0	393	149	1	Proco2	1	9.86	11.96	33.8	19/02/2020	14:34:29
Mixed/nonconventional	190	155	170	175	18.02	0.11	0	-56.47	-29.184	305.33	1000	3	0	398	121	1.3	Proco2	1	10.4	11.96	33.8	19/02/2020	14:34:35
Mixed/nonconventional	190	165	175	180	17.73	0.06	0	90.39	-62.813	333.837	1000	3	0	397	133	1.2	Proco2	1	10.22	11.96	33.8	19/02/2020	14:34:41
Mixed/nonconventional	190	175	180	185	28.07	0.03	0	117.86	-201.539	225.565	1000	3	0	287	65	1.3	Proco2	1	11.41	11.96	33.8	19/02/2020	14:34:47
Mixed/nonconventional	190	180	220	230	19.67	0.19	0	75.04	4.381	419.91	1000	3	0	378	159	0.9	Proco2	1	9.71	11.96	33.8	19/02/2020	14:34:53
Mixed/nonconventional	190	185	220	215	15.37	0.38	0	-485.39	-1.777	381.303	1000	3	0	393	150	1	Proco2	1	9.86	11.96	33.8	19/02/2020	14:34:59
Mixed/nonconventional	190	185	215	210	13.47	0.39	0	682.43	-2.724	381.303	1000	3	0	393	150	1	Proco2	2	9.86	11.96	33.8	19/02/2020	14:34:59
Mixed/nonconventional	190	185	210	205	13.47	0.22	0	-14.8	-5.45	381.303	1000	3	0	393	150	1	Proco2	3	9.86	11.96	33.8	19/02/2020	14:34:59
Mixed/nonconventional	190	185	205	200	15.55	0.09	0	35.88	-15.727	381.303	1000	3	0	393	150	1	Proco2	4	9.86	11.96	33.8	19/02/2020	14:34:59
Mixed/nonconventional	190	185	200	195	22.94	0.21	0	-1656.48	-92.825	381.303	1000	3	0	393	150	1	Proco2	5	9.86	11.96	33.8	19/02/2020	14:34:59
Mixed/nonconventional	185	130	155	160	27.78	0.18	0	-39.44	-31.47	533.837	1000	3	0	320	171	0.6	Proco2	1	9.42	11.96	33.8	19/02/2020	14:35:05
Mixed/nonconventional	185	140	160	165	19.57	0.06	0	78.89	-30.736	493.343	1000	3	0	339	167	0.7	Proco2	1	9.45	11.96	33.8	19/02/2020	14:35:11
Mixed/nonconventional	185	150	165	170	17.27	0.13	0	-66.37	-52.76	575.693	1000	3	0	302	174	0.5	Proco2	1	9.33	11.96	34.3	19/02/2020	14:35:17
Mixed/nonconventional	185	160	170	175	16.97	0	0	73.32	-70.304	390.552	1000	3	0	389	152	1	Proco2	1	9.8	11.96	33.8	19/02/2020	14:35:22
Mixed/nonconventional	185	170	175	180	19.43	0.08	0	74.36	-197.819	319.872	1000	3	0	307	98	1	Proco2	1	10.88	11.96	34.3	19/02/2020	14:35:28
Mixed/nonconventional	185	175	215	225	21.92	0.34	0	34.85	4.537	390.098	1000	3	0	389	152	1	Proco2	1	9.8	11.96	34.3	19/02/2020	14:35:34
Mixed/nonconventional	185	180	215	210	18.21	0.47	0	679.5	-2.905	526.216	1000	3	0	325	171	0.6	Proco2	1	9.42	11.96	33.8	19/02/2020	14:35:40
Mixed/nonconventional	185	180	210	205	16.93	0	0	-12.99	-4.727	526.216	1000	3	0	325	171	0.6	Proco2	2	9.42	11.96	33.8	19/02/2020	14:35:40
Mixed/nonconventional	185	180	205	200	17.23	0.14	0	51.89	-9.617	526.216	1000	3	0	325	171	0.6	Proco2	3	9.42	11.96	33.8	19/02/2020	14:35:40
Mixed/nonconventional	185	180	200	195	23.56	0.08	0	-1232.38	-32.882	526.216	1000	3	0	325	171	0.6	Proco2	4	9.42	11.96	33.8	19/02/2020	14:35:40
Mixed/nonconventional	185	180	195	190	39.39	0.07	0	1080.4	-219.926	526.216	1000	3	0	325	171	0.6	Proco2	5	9.42	11.96	33.8	19/02/2020	14:35:40
Mixed/nonconventional	180	135	155	160	23.69	0.07	0	146.69	-44.267	587.089	1000	3	0	297	174	0.5	Proco2	1	9.33	11.96	34.3	19/02/2020	14:35:46
Mixed/nonconventional	180	145	160	165	17.44	0.12	0	-93.78	-47.943	518.279	1000	3	0	327	170	0.6	Proco2	1	9.42	11.96	34.3	19/02/2020	14:35:52
Mixed/nonconventional	180	155	165	170	17.18	0.07	0	84.56	-75.998	416.945	1000	3	0	375	157	0.9	Proco2	1	9.66	11.96	34.3	19/02/2020	14:35:58
Mixed/nonconventional	180	165	170	175	20.22	0.03	0	64.21	-200.108	310.938	1000	3	0	245	76	0.8	Proco2	1	11.23	11.96	34.3	19/02/2020	14:36:04
Mixed/nonconventional	180	170	230	220	23.55	0.55	0	-76.5	-2.731	437.262	1000	3	0	367	160	0.8	Proco2	1	9.63	11.96	34.3	19/02/2020	14:36:10
Mixed/nonconventional	180	170	220	210	19.08	0.37	0	200.02	-4.425	437.262	1000	3	0	367	160	0.8	Proco2	2	9.63	11.96	34.3	19/02/2020	14:36:10
Mixed/nonconventional	180	175	205	200	13.71	0.16	0	58.48	-3.106	427.151	1000	3	0	371	158	0.9	Proco2	1	9.63	11.96	34.3	19/02/2020	14:36:16
Mixed/nonconventional	180	175	200	195	15.5	0.38	0	-1081.27	-7.025	427.151	1000	3	0	371	158	0.9	Proco2	2	9.63	11.96	34.3	19/02/2020	14:36:16
Mixed/nonconventional	180	175	195	190	17.68	0.15	0	997.52	-20.036	427.151	1000	3	0	371	158	0.9	Proco2	3	9.63	11.96	34.3	19/02/2020	14:36:16
Mixed/nonconventional	180	175	190	185	17.46	0.15	0	-252.84	-79.11	427.151	1000	3	0	371	158	0.9	Proco2	4	9.63	11.96	34.3	19/02/2020	14:36:16
Mixed/nonconventional	175	165	205	215	18.36	0.11	0	-664.36	3.344	343.385	1000	3	0	398	137	1.2	Proco2	1	10.16	11.96	34.3	19/02/2020	14:36:22
Mixed/nonconventional	175	170	205	200	14.96	0.07	0	60.3	-1.504	331.651	1000	3	0	398	132	1.2	Proco2	1	10.25	11.96	34.3	19/02/2020	14:36:28
Mixed/nonconventional	175	170	200	195	15.43	0.67	0	-1047.58	-2.714	331.651	1000	3	0	398	132	1.2	Proco2	2	10.25	11.96	34.3	19/02/2020	14:36:28
Mixed/nonconventional	175	170	195	190	15.36	0.21	0	976.79	-5.403	331.651	1000	3	0	398	132	1.2	Proco2	3	10.25	11.96	34.3	19/02/2020	14:36:28
Mixed/nonconventional	175	170	190	185	14.89	0.26	0	-199.81	-13.097	331.651	1000	3	0	398	132	1.2	Proco2	4	10.25	11.96	34.3	19/02/2020	14:36:28
Mixed/nonconventional	175	170	185	180	23.25	0.93	0	-209.88	-81.802	331.651	1000	3	0	398	132	1.2	Proco2	5	10.25	11.96	34.3	19/02/2020	14:36:28
Mixed/nonconventional	170	160	230	220	29.08	0.31	0	-77.1	-1.45	328.876	1000	3	0	398	131	1.2	Proco2	1	10.28	11.96	34.3	19/02/2020	14:36:34
Mixed/nonconventional	170	160	220	210	23.99	0.31	0	200.05	-2.093	328.876	1000	3	0	398	131	1.2	Proco2	2	10.28	11.96	34.3	19/02/2020	14:36:34
Mixed/nonconventional	170	160	210	200	17.92	0.13	0	47.49	-3.127	328.876	1000	3	0	398	131	1.2	Proco2	3	10.28	11.96	34.3	19/02/2020	14:36:34
Mixed/nonconventional	170	165	195	190	15.05	0.21	0	958.08	-2.828	354.123	1000	3	0	397	141	1.1	Proco2	1	10.07	11.96	34.3	19/02/2020	14:36:40
Mixed/nonconventional	170	165	190	185	13.23	0.27	0	-166.31	-4.97	354.123	1000	3	0	397	141	1.1	Proco2	2	10.07	11.96	34.3	19/02/2020	14:36:40
Mixed/nonconventional	170	165	185	180	18.9	0.66	0	-83.49	-17.749	354.123	1000	3	0	397	141	1.1	Proco2	3	10.07	11.96	34.3	19/02/2020	14:36:40
Mixed/nonconventional	170	165	180	175	23.12	0.52	0	182.8	-86.876	354.123	1000	3	0	397	141	1.1	Proco2	4	10.07	11.96	34.3	19/02/2020	14:36:40
Mixed/nonconventional	165	155	195	205	21.29	0.75	0	944.07	3.765	333.298	1000	3	0	398	133	1.2	Proco2	1	10.22	11.96	34.8	19/02/2020	14:36:46
Mixed/nonconventional	165	160	195	190	15.68	0.5	0	942.41	-1.624	341.782	1000	3	0	398	136	1.2	Proco2	1	10.16	11.96	34.3	19/02/2020	14:36:52
Mixed/nonconventional	165	160	190	185	12.55	0.41	0	-143.58	-2.275	341.782	1000	3	0	398	136	1.2	Proco2	2	10.16	11.96	34.3	19/02/2020	14:36:52
Mixed/nonconventional	165	160	185	180	15.25	0.6	0	-39.7	-5.529	341.782	1000	3	0	398	136	1.2	Proco2	3	10.16	11.96	34.3	19/02/2020	14:36:52
Mixed/nonconventional	165	160	180	175	15.95	0.17	0	185.58	-14.463	341.782	1000	3	0	398	136	1.2	Proco2	4	10.16	11.96	34.3	19/02/2020	14:36:52
Mixed/nonconventional	160	150	220	210	38.8	0.67	0	200.21	-2.704	459.806	1000	3	0	357	164	0.8	Proco2	1	9.57	11.96	34.3	19/02/2020	14:36:58
Mixed/nonconventional	160	150	210	200	27.13	0.23	0	49.38	-3.308	459.806	1000	3	0	357	164	0.8	Proco2	2	9.57	11.96	34.3	19/02/2020	14:36:58
Mixed/nonconventional	160	150	200	190	25.65	0.19	0	-49.22	-6.258	459.806	1000	3	0	357	164	0.8	Proco2	3	9.57	11.96	34.3	19/02/2020	14:36:58
Mixed/nonconventional	160	155	185	180	17.18	0.51	0	-18.39	-2.858	313.578	1000	3	0	398	125	1.3	Proco2	1	10.37	11.96	34.8	19/02/2020	14:37:04
Mixed/nonconventional	160	155	180	175	14.82	0.29	0	171.03	-4.932	313.578	1000	3	0	398	125	1.3	Proco2	2	10.37	11.96	34.8	19/02/2020	14:37:04
Mixed/nonconventional	155	140	215	230	46.53	0.39	0	555.72	3.296	400.653	1000	3	0	387	155	1	Proco2	1	9.77	11.96	34.8	19/02/2020	14:37:10
Mixed/nonconventional	155	145	185	195	21.65	0.33	0	-802.16	4.395	382.623	1000	3	0	393	150	1	Proco2	1	9.86	11.96	34.8	19/02/2020	14:37:16
Mixed/nonconventional	155	150	185	180	17.47	0.41	0	-2.11	-2.416	456.254	1000	3	0	360	164	0.8	Proco2	1	9.57	11.96	34.8	19/02/2020	14:37:22
Mixed/nonconventional	155	150	180	175	13.54	0.6	0	151.58	-3.278	456.254	1000	3	0	360	164	0.8	Proco2	2	9.57	11.96	34.8	19/02/2020	14:37:22
Mixed/nonconventional	150	140	210	200	32.41	0.17	0	51.69	-3.027	616.202	1000	3	0	284	175	0.5	Proco2	1	9.3	11.96	34.8	19/02/2020	14:37:28
Mixed/nonconventional	150	140	200	190	31.92	0.1	0	-35.7	-5.217	616.202	1000	3	0	284	175	0.5	Proco2	2	9.3	11.96	34.8	19/02/2020	14:37:28
Mixed/nonconventional	150	140	190	180	20.86	0.12	0	-103.43	-6.818	616.202	1000	3	0	284	175	0.5	Proco2	3	9.3	11.96	34.8	19/02/2020	14:37:28
Mixed/nonconventional	145	130	235	220	57.36	1.07	0	-103.27	-3.102	535.049	1000	6	0	319	170	0.6	Proco2	1	9.39	11.94	35.3	19/02/2020	14:37:38
Mixed/nonconventional	145	130	220	205	46.57	0.78	0	187.55	-4.406	535.049	1000	6	0	319	170	0.6	Proco2	2	9.39	11.94	35.3	19/02/2020	14:37:38
Mixed/nonconventional	145	135	175	185	21.28	0.19	0	-139.58	5.848	517.946	1000	3	0	327	169	0.6	Proco2	1	9.42	11.96	34.8	19/02/2020	14:37:44
Mixed/nonconventional	140	130	200	190	41.67	0.86	0	-28.68	-3.631	574.848	1000	3	0	301	173	0.5	Proco2	1	9.33	11.96	34.8	19/02/2020	14:37:50
Mixed/nonconventional	140	130	190	180	27.52	0.54	0	-82.3	-4.196	574.848	1000	3	0	301	173	0.5	Proco2	2	9.33	11.96	34.8	19/02/2020	14:37:50
Mixed/nonconventional	140	130	180	170	18.35	0.26	0	102.52	-5.596	574.848	1000	3	0	301	173	0.5	Proco2	3	9.33	11.96	34.8	19/02/2020	14:37:50
Mixed/nonconventional	110	120	170	180	21.19	1.16	0	-100.04	-1.407	438.019	1000	6	0	368	161	0.8	Proco2	1	9.57	11.96	34.8	19/02/2020	14:38:00
Mixed/nonconventional	135	120	225	210	43.82	1.85	0	619.74	-2.542	573.959	1000	6	0	301	173	0.5	Proco2	1	9.3	11.96	35.3	19/02/2020	14:38:09
Mixed/nonconventional	135	120	210	195	35.45	0.95	0	-850.24	-3.598	573.959	1000	6	0	301	173	0.5	Proco2	2	9.3	11.96	35.3	19/02/2020	14:38:09
Mixed/nonconventional	130	120	190	180	25.42	0.07	0	-66.65	-2.318	601.617	1000	3	0	290	174	0.5	Proco2	1	9.27	11.96	35.3	19/02/2020	14:38:15
Mixed/nonconventional	130	120	180	170	18.06	0.07	0	93.15	-2.882	601.617	1000	3	0	290	174	0.5	Proco2	2	9.27	11.96	35.3	19/02/2020	14:38:15
Mixed/nonconventional	0	25	175	200	77.32	0.51	0	-42.38	-1.205	411.25	1000	3	0	392	161	1	Proco2	1	10.19	11.94	31.9	19/02/2020	14:50:35
Mixed/nonconventional	10	35	185	210	74.85	0.97	0	-27.78	-1.942	684.701	1000	5	0	273	187	0.4	Proco2	1	9.6	11.96	32.4	19/02/2020	14:50:42
Mixed/nonconventional	20	40	160	180	66.55	0.16	0	88.89	-1.265	401.453	1000	3	0	393	158	1	Proco2	1	10.07	11.96	31.9	19/02/2020	14:50:48
Mixed/nonconventional	20	45	195	220	71.5	2.34	0	-584.7	-0.846	312.102	1000	6	0	399	124	1.3	Proco2	1	10.64	11.94	32.4	19/02/2020	14:50:58
